  StringID      Type         x         y    demand ReadyTime   DueDateServiceTime
        D1         d         0         0         0         0      2160         0
        D2         d       500         0         0         0      2160         0
        D3         d         0       400         0         0      2160         0
        D4         d       500       400         0         0      2160         0
        S1         f       100         0         0         0      2160         0
        S2         f       200         0         0         0      2160         0
        S3         f       300         0         0         0      2160         0
        S4         f       400         0         0         0      2160         0
        S5         f         0       100         0         0      2160         0
        S6         f       100       100         0         0      2160         0
        S7         f       200       100         0         0      2160         0
        S8         f       300       100         0         0      2160         0
        S9         f       400       100         0         0      2160         0
       S10         f       500       100         0         0      2160         0
       S11         f         0       200         0         0      2160         0
       S12         f       100       200         0         0      2160         0
       S13         f       200       200         0         0      2160         0
       S14         f       300       200         0         0      2160         0
       S15         f       400       200         0         0      2160         0
       S16         f       500       200         0         0      2160         0
       S17         f         0       300         0         0      2160         0
       S18         f       100       300         0         0      2160         0
       S19         f       200       300         0         0      2160         0
       S20         f       300       300         0         0      2160         0
       S21         f       400       300         0         0      2160         0
       S22         f       500       300         0         0      2160         0
       S23         f       100       400         0         0      2160         0
       S24         f       200       400         0         0      2160         0
       S25         f       300       400         0         0      2160         0
       S26         f       400       400         0         0      2160         0
        C1         c        99        44         0         0       432         0
        C2         c         7       158         0         0       432         0
        C3         c        75       292         0         0       432         0
        C4         c         0       390         0         0       432         0
        C5         c       180        90         0       432       864         0
        C6         c       118       155         0       432       864         0
        C7         c       182       207         0       432       864         0
        C8         c       131       390         0       432       864         0
        C9         c       220        63         0       864      1296         0
       C10         c       202       107         0       864      1296         0
       C11         c       230       252         0       864      1296         0
       C12         c       228       333         0       864      1296         0
       C13         c       321        96         0      1296      1728         0
       C14         c       354       199         0      1296      1728         0
       C15         c       336       278         0      1296      1728         0
       C16         c       372       337         0      1296      1728         0
       C17         c       476        29         0      1728      2160         0
       C18         c       448       133         0      1728      2160         0
       C19         c       429       232         0      1728      2160         0
       C20         c       437       371         0      1728      2160         0
       C21         c        82        91         0         0       432         0
       C22         c        27       189         0         0       432         0
       C23         c         6       298         0         0       432         0
       C24         c        67       315         0         0       432         0
       C25         c       117        84         0       432       864         0
       C26         c       164       141         0       432       864         0
       C27         c       129       284         0       432       864         0
       C28         c       135       363         0       432       864         0
       C29         c       289        42         0       864      1296         0
       C30         c       254       194         0       864      1296         0
       C31         c       256       207         0       864      1296         0
       C32         c       268       334         0       864      1296         0
       C33         c       315        76         0      1296      1728         0
       C34         c       335       193         0      1296      1728         0
       C35         c       394       290         0      1296      1728         0
       C36         c       341       331         0      1296      1728         0
       C37         c       489        22         0      1728      2160         0
       C38         c       461       175         0      1728      2160         0
       C39         c       420       264         0      1728      2160         0
       C40         c       410       364         0      1728      2160         0

Vehicle fuel tank capacity /200.0/
Vehicle load capacity /130/
Fuel consumption rate /1.0/
Inverse refueling rate /0.2/
Average Velocity /1.0/

Vehicle start locations
D1:    5
D2:    0
D3:    5
D4:    0
Vehicle end locations
D1:    0
D2:    1
D3:    0
D4:    1
