  StringID      Type         x         y    demand ReadyTime   DueDateServiceTime
        D1         d         0         0         0         0      2160         0
        D2         d       500         0         0         0      2160         0
        D3         d         0       400         0         0      2160         0
        D4         d       500       400         0         0      2160         0
        S1         f       100         0         0         0      2160         0
        S2         f       200         0         0         0      2160         0
        S3         f       300         0         0         0      2160         0
        S4         f       400         0         0         0      2160         0
        S5         f         0       100         0         0      2160         0
        S6         f       100       100         0         0      2160         0
        S7         f       200       100         0         0      2160         0
        S8         f       300       100         0         0      2160         0
        S9         f       400       100         0         0      2160         0
       S10         f       500       100         0         0      2160         0
       S11         f         0       200         0         0      2160         0
       S12         f       100       200         0         0      2160         0
       S13         f       200       200         0         0      2160         0
       S14         f       300       200         0         0      2160         0
       S15         f       400       200         0         0      2160         0
       S16         f       500       200         0         0      2160         0
       S17         f         0       300         0         0      2160         0
       S18         f       100       300         0         0      2160         0
       S19         f       200       300         0         0      2160         0
       S20         f       300       300         0         0      2160         0
       S21         f       400       300         0         0      2160         0
       S22         f       500       300         0         0      2160         0
       S23         f       100       400         0         0      2160         0
       S24         f       200       400         0         0      2160         0
       S25         f       300       400         0         0      2160         0
       S26         f       400       400         0         0      2160         0
        C1         c        57        73         0       171       387         0
        C2         c         7       182         0       195       411         0
        C3         c        73       271         0       113       329         0
        C4         c        16       335         0       134       350         0
        C5         c       132        78         0       598       814         0
        C6         c       186       191         0       463       679         0
        C7         c       130       252         0       504       720         0
        C8         c       150       302         0       496       712         0
        C9         c       218        81         0       894      1110         0
       C10         c       205       119         0       977      1193         0
       C11         c       222       214         0       985      1201         0
       C12         c       271       396         0       888      1104         0
       C13         c       366        73         0      1389      1605         0
       C14         c       357       183         0      1470      1686         0
       C15         c       358       229         0      1458      1674         0
       C16         c       309       386         0      1363      1579         0
       C17         c       465        23         0      1757      1973         0
       C18         c       498       193         0      1882      2098         0
       C19         c       492       289         0      1874      2090         0
       C20         c       440       374         0      1920      2136         0
       C21         c        47        60         0       132       348         0
       C22         c        85       132         0        97       313         0
       C23         c        54       211         0       144       360         0
       C24         c        60       374         0        67       283         0
       C25         c       112        36         0       572       788         0
       C26         c       103       149         0       439       655         0
       C27         c       168       247         0       606       822         0
       C28         c       102       366         0       633       849         0
       C29         c       257        71         0       881      1097         0
       C30         c       296       134         0       997      1213         0
       C31         c       259       268         0       868      1084         0
       C32         c       265       300         0      1014      1230         0
       C33         c       317        71         0      1493      1709         0
       C34         c       361       134         0      1340      1556         0
       C35         c       304       280         0      1423      1639         0
       C36         c       308       321         0      1503      1719         0
       C37         c       406        26         0      1742      1958         0
       C38         c       434       181         0      1830      2046         0
       C39         c       418       277         0      1776      1992         0
       C40         c       437       326         0      1816      2032         0

Vehicle fuel tank capacity /200.0/
Vehicle load capacity /150/
Fuel consumption rate /1.0/
Inverse refueling rate /0.2/
Average Velocity /1.0/

Vehicle start locations
D1:    5
D2:    0
D3:    5
D4:    0
Vehicle end locations
D1:    0
D2:    1
D3:    0
D4:    1
