  StringID      Type         x         y    demand ReadyTime   DueDateServiceTime
        D1         d         0         0         0         0      2160         0
        D2         d       500         0         0         0      2160         0
        D3         d         0       400         0         0      2160         0
        D4         d       500       400         0         0      2160         0
        S1         f       100         0         0         0      2160         0
        S2         f       200         0         0         0      2160         0
        S3         f       300         0         0         0      2160         0
        S4         f       400         0         0         0      2160         0
        S5         f         0       100         0         0      2160         0
        S6         f       100       100         0         0      2160         0
        S7         f       200       100         0         0      2160         0
        S8         f       300       100         0         0      2160         0
        S9         f       400       100         0         0      2160         0
       S10         f       500       100         0         0      2160         0
       S11         f         0       200         0         0      2160         0
       S12         f       100       200         0         0      2160         0
       S13         f       200       200         0         0      2160         0
       S14         f       300       200         0         0      2160         0
       S15         f       400       200         0         0      2160         0
       S16         f       500       200         0         0      2160         0
       S17         f         0       300         0         0      2160         0
       S18         f       100       300         0         0      2160         0
       S19         f       200       300         0         0      2160         0
       S20         f       300       300         0         0      2160         0
       S21         f       400       300         0         0      2160         0
       S22         f       500       300         0         0      2160         0
       S23         f       100       400         0         0      2160         0
       S24         f       200       400         0         0      2160         0
       S25         f       300       400         0         0      2160         0
       S26         f       400       400         0         0      2160         0
        C1         c        30        61         0         0       432         0
        C2         c        98       134         0         0       432         0
        C3         c        78       240         0         0       432         0
        C4         c        55       309         0         0       432         0
        C5         c       192        38         0       432       864         0
        C6         c       130       199         0       432       864         0
        C7         c       136       210         0       432       864         0
        C8         c       161       304         0       432       864         0
        C9         c       244        30         0       864      1296         0
       C10         c       262       131         0       864      1296         0
       C11         c       246       237         0       864      1296         0
       C12         c       225       307         0       864      1296         0
       C13         c       384        76         0      1296      1728         0
       C14         c       321       136         0      1296      1728         0
       C15         c       394       214         0      1296      1728         0
       C16         c       316       345         0      1296      1728         0
       C17         c       450        66         0      1728      2160         0
       C18         c       488       121         0      1728      2160         0
       C19         c       446       221         0      1728      2160         0
       C20         c       456       376         0      1728      2160         0
       C21         c        36         5         0         0       432         0
       C22         c        24       181         0         0       432         0
       C23         c        72       219         0         0       432         0
       C24         c         3       394         0         0       432         0
       C25         c       107        98         0       432       864         0
       C26         c       126       188         0       432       864         0
       C27         c       104       266         0       432       864         0
       C28         c       168       397         0       432       864         0
       C29         c       260        85         0       864      1296         0
       C30         c       286       132         0       864      1296         0
       C31         c       297       294         0       864      1296         0
       C32         c       223       330         0       864      1296         0
       C33         c       327        62         0      1296      1728         0
       C34         c       362       121         0      1296      1728         0
       C35         c       330       200         0      1296      1728         0
       C36         c       355       345         0      1296      1728         0
       C37         c       488        98         0      1728      2160         0
       C38         c       406       180         0      1728      2160         0
       C39         c       444       278         0      1728      2160         0
       C40         c       471       309         0      1728      2160         0

Vehicle fuel tank capacity /200.0/
Vehicle load capacity /180/
Fuel consumption rate /1.0/
Inverse refueling rate /0.2/
Average Velocity /1.0/

Vehicle start locations
D1:    5
D2:    0
D3:    5
D4:    0
Vehicle end locations
D1:    0
D2:    1
D3:    0
D4:    1
