  StringID      Type         x         y    demand ReadyTime   DueDateServiceTime
        D1         d         0         0         0         0      2160         0
        D2         d       500         0         0         0      2160         0
        D3         d         0       400         0         0      2160         0
        D4         d       500       400         0         0      2160         0
        S1         f       100         0         0         0      2160         0
        S2         f       200         0         0         0      2160         0
        S3         f       300         0         0         0      2160         0
        S4         f       400         0         0         0      2160         0
        S5         f         0       100         0         0      2160         0
        S6         f       100       100         0         0      2160         0
        S7         f       200       100         0         0      2160         0
        S8         f       300       100         0         0      2160         0
        S9         f       400       100         0         0      2160         0
       S10         f       500       100         0         0      2160         0
       S11         f         0       200         0         0      2160         0
       S12         f       100       200         0         0      2160         0
       S13         f       200       200         0         0      2160         0
       S14         f       300       200         0         0      2160         0
       S15         f       400       200         0         0      2160         0
       S16         f       500       200         0         0      2160         0
       S17         f         0       300         0         0      2160         0
       S18         f       100       300         0         0      2160         0
       S19         f       200       300         0         0      2160         0
       S20         f       300       300         0         0      2160         0
       S21         f       400       300         0         0      2160         0
       S22         f       500       300         0         0      2160         0
       S23         f       100       400         0         0      2160         0
       S24         f       200       400         0         0      2160         0
       S25         f       300       400         0         0      2160         0
       S26         f       400       400         0         0      2160         0
        C1         c        57        73         0         0       432         0
        C2         c         7       182         0         0       432         0
        C3         c        73       271         0         0       432         0
        C4         c        16       335         0         0       432         0
        C5         c       132        78         0       432       864         0
        C6         c       186       191         0       432       864         0
        C7         c       130       252         0       432       864         0
        C8         c       150       302         0       432       864         0
        C9         c       218        81         0       864      1296         0
       C10         c       205       119         0       864      1296         0
       C11         c       222       214         0       864      1296         0
       C12         c       271       396         0       864      1296         0
       C13         c       366        73         0      1296      1728         0
       C14         c       357       183         0      1296      1728         0
       C15         c       358       229         0      1296      1728         0
       C16         c       309       386         0      1296      1728         0
       C17         c       465        23         0      1728      2160         0
       C18         c       498       193         0      1728      2160         0
       C19         c       492       289         0      1728      2160         0
       C20         c       440       374         0      1728      2160         0
       C21         c        47        60         0         0       432         0
       C22         c        85       132         0         0       432         0
       C23         c        54       211         0         0       432         0
       C24         c        60       374         0         0       432         0
       C25         c       112        36         0       432       864         0
       C26         c       103       149         0       432       864         0
       C27         c       168       247         0       432       864         0
       C28         c       102       366         0       432       864         0
       C29         c       257        71         0       864      1296         0
       C30         c       296       134         0       864      1296         0
       C31         c       259       268         0       864      1296         0
       C32         c       265       300         0       864      1296         0
       C33         c       317        71         0      1296      1728         0
       C34         c       361       134         0      1296      1728         0
       C35         c       304       280         0      1296      1728         0
       C36         c       308       321         0      1296      1728         0
       C37         c       406        26         0      1728      2160         0
       C38         c       434       181         0      1728      2160         0
       C39         c       418       277         0      1728      2160         0
       C40         c       437       326         0      1728      2160         0

Vehicle fuel tank capacity /200.0/
Vehicle load capacity /150/
Fuel consumption rate /1.0/
Inverse refueling rate /0.2/
Average Velocity /1.0/

Vehicle start locations
D1:    5
D2:    0
D3:    5
D4:    0
Vehicle end locations
D1:    0
D2:    1
D3:    0
D4:    1
