  StringID      Type         x         y    demand ReadyTime   DueDateServiceTime
        D1         d         0         0         0         0      1680         0
        D2         d       300         0         0         0      1680         0
        D3         d         0       400         0         0      1680         0
        D4         d       300       400         0         0      1680         0
        S1         f       100         0         0         0      1680         0
        S2         f       200         0         0         0      1680         0
        S3         f         0       100         0         0      1680         0
        S4         f       100       100         0         0      1680         0
        S5         f       200       100         0         0      1680         0
        S6         f       300       100         0         0      1680         0
        S7         f         0       200         0         0      1680         0
        S8         f       100       200         0         0      1680         0
        S9         f       200       200         0         0      1680         0
       S10         f       300       200         0         0      1680         0
       S11         f         0       300         0         0      1680         0
       S12         f       100       300         0         0      1680         0
       S13         f       200       300         0         0      1680         0
       S14         f       300       300         0         0      1680         0
       S15         f       100       400         0         0      1680         0
       S16         f       200       400         0         0      1680         0
        C1         c        37        83         0         0       560         0
        C2         c        87       101         0         0       560         0
        C3         c        37       256         0         0       560         0
        C4         c        18       344         0         0       560         0
        C5         c       182        86         0       560      1120         0
        C6         c       138       139         0       560      1120         0
        C7         c       123       275         0       560      1120         0
        C8         c       168       386         0       560      1120         0
        C9         c       288        17         0      1120      1680         0
       C10         c       253       145         0      1120      1680         0
       C11         c       297       239         0      1120      1680         0
       C12         c       291       357         0      1120      1680         0
       C13         c        34        24         0         0       560         0
       C14         c        74       143         0         0       560         0
       C15         c        96       279         0         0       560         0
       C16         c        33       393         0         0       560         0
       C17         c       185         2         0       560      1120         0
       C18         c       112       198         0       560      1120         0
       C19         c       121       220         0       560      1120         0
       C20         c       108       301         0       560      1120         0
       C21         c       297        63         0      1120      1680         0
       C22         c       294       148         0      1120      1680         0
       C23         c       242       293         0      1120      1680         0
       C24         c       241       372         0      1120      1680         0
       C25         c        52        81         0         0       560         0
       C26         c        77       187         0         0       560         0
       C27         c        66       291         0         0       560         0
       C28         c        66       372         0         0       560         0
       C29         c       191        12         0       560      1120         0
       C30         c       159       170         0       560      1120         0
       C31         c       178       228         0       560      1120         0
       C32         c       150       306         0       560      1120         0
       C33         c       212        86         0      1120      1680         0
       C34         c       234       194         0      1120      1680         0
       C35         c       241       279         0      1120      1680         0
       C36         c       279       342         0      1120      1680         0
       C37         c        97         0         0         0       560         0
       C38         c        92       134         0         0       560         0
       C39         c        89       257         0         0       560         0
       C40         c        89       387         0         0       560         0
       C41         c       126        68         0       560      1120         0
       C42         c       107       171         0       560      1120         0
       C43         c       146       296         0       560      1120         0
       C44         c       193       398         0       560      1120         0
       C45         c       294        81         0      1120      1680         0
       C46         c       282       194         0      1120      1680         0
       C47         c       298       259         0      1120      1680         0
       C48         c       224       361         0      1120      1680         0

Vehicle fuel tank capacity /200.0/
Vehicle load capacity /200/
Fuel consumption rate /1.0/
Inverse refueling rate /0.2/
Average Velocity /1.0/

Vehicle start locations
D1:    5
D2:    0
D3:    5
D4:    0
Vehicle end locations
D1:    0
D2:    1
D3:    0
D4:    1
