  StringID      Type         x         y    demand ReadyTime   DueDateServiceTime
        D1         d         0         0         0         0      1680         0
        D2         d       300         0         0         0      1680         0
        D3         d         0       400         0         0      1680         0
        D4         d       300       400         0         0      1680         0
        S1         f       100         0         0         0      1680         0
        S2         f       200         0         0         0      1680         0
        S3         f         0       100         0         0      1680         0
        S4         f       100       100         0         0      1680         0
        S5         f       200       100         0         0      1680         0
        S6         f       300       100         0         0      1680         0
        S7         f         0       200         0         0      1680         0
        S8         f       100       200         0         0      1680         0
        S9         f       200       200         0         0      1680         0
       S10         f       300       200         0         0      1680         0
       S11         f         0       300         0         0      1680         0
       S12         f       100       300         0         0      1680         0
       S13         f       200       300         0         0      1680         0
       S14         f       300       300         0         0      1680         0
       S15         f       100       400         0         0      1680         0
       S16         f       200       400         0         0      1680         0
        C1         c         3        25         0       149       429         0
        C2         c         9       113         0       277       557         0
        C3         c        65       235         0        11       291         0
        C4         c        91       311         0        93       373         0
        C5         c       183         9         0       787      1067         0
        C6         c       100       103         0       643       923         0
        C7         c       191       249         0       699       979         0
        C8         c       192       307         0       829      1109         0
        C9         c       282        53         0      1369      1649         0
       C10         c       217       127         0      1333      1613         0
       C11         c       215       280         0      1170      1450         0
       C12         c       200       316         0      1243      1523         0
       C13         c        24        24         0       210       490         0
       C14         c        15       123         0        81       361         0
       C15         c        40       228         0        54       334         0
       C16         c        23       360         0       203       483         0
       C17         c       132        55         0       692       972         0
       C18         c       102       193         0       828      1108         0
       C19         c       163       214         0       800      1080         0
       C20         c       111       366         0       777      1057         0
       C21         c       266        37         0      1176      1456         0
       C22         c       287       152         0      1199      1479         0
       C23         c       209       231         0      1320      1600         0
       C24         c       267       390         0      1180      1460         0
       C25         c        87        97         0       214       494         0
       C26         c        39       182         0       275       555         0
       C27         c        18       227         0       202       482         0
       C28         c        28       341         0       226       506         0
       C29         c       189        55         0       787      1067         0
       C30         c       169       144         0       618       898         0
       C31         c       129       253         0       626       906         0
       C32         c       102       301         0       609       889         0
       C33         c       210        63         0      1236      1516         0
       C34         c       285       111         0      1287      1567         0
       C35         c       283       286         0      1178      1458         0
       C36         c       254       337         0      1286      1566         0
       C37         c        20        14         0       176       456         0
       C38         c        30       133         0         1       281         0
       C39         c        83       230         0       208       488         0
       C40         c        79       390         0         6       286         0
       C41         c       162         8         0       799      1079         0
       C42         c       144       154         0       571       851         0
       C43         c       178       255         0       681       961         0
       C44         c       114       331         0       707       987         0
       C45         c       286        87         0      1143      1423         0
       C46         c       220       147         0      1306      1586         0
       C47         c       298       260         0      1269      1549         0
       C48         c       286       322         0      1258      1538         0

Vehicle fuel tank capacity /200.0/
Vehicle load capacity /190/
Fuel consumption rate /1.0/
Inverse refueling rate /0.2/
Average Velocity /1.0/

Vehicle start locations
D1:    5
D2:    0
D3:    5
D4:    0
Vehicle end locations
D1:    0
D2:    1
D3:    0
D4:    1
