  StringID      Type         x         y    demand ReadyTime   DueDateServiceTime
        D1         d         0         0         0         0      1920         0
        D2         d       400         0         0         0      1920         0
        D3         d         0       400         0         0      1920         0
        D4         d       400       400         0         0      1920         0
        S1         f       100         0         0         0      1920         0
        S2         f       200         0         0         0      1920         0
        S3         f       300         0         0         0      1920         0
        S4         f         0       100         0         0      1920         0
        S5         f       100       100         0         0      1920         0
        S6         f       200       100         0         0      1920         0
        S7         f       300       100         0         0      1920         0
        S8         f       400       100         0         0      1920         0
        S9         f         0       200         0         0      1920         0
       S10         f       100       200         0         0      1920         0
       S11         f       200       200         0         0      1920         0
       S12         f       300       200         0         0      1920         0
       S13         f       400       200         0         0      1920         0
       S14         f         0       300         0         0      1920         0
       S15         f       100       300         0         0      1920         0
       S16         f       200       300         0         0      1920         0
       S17         f       300       300         0         0      1920         0
       S18         f       400       300         0         0      1920         0
       S19         f       100       400         0         0      1920         0
       S20         f       200       400         0         0      1920         0
       S21         f       300       400         0         0      1920         0
        C1         c        53        34         0       128       368         0
        C2         c        26       145         0       238       478         0
        C3         c        86       275         0         9       249         0
        C4         c        26       316         0        80       320         0
        C5         c       128        93         0       674       914         0
        C6         c       142       109         0       551       791         0
        C7         c       119       235         0       599       839         0
        C8         c       180       381         0       711       951         0
        C9         c       254        67         0      1011      1251         0
       C10         c       273       126         0      1111      1351         0
       C11         c       265       283         0      1018      1258         0
       C12         c       277       339         0       987      1227         0
       C13         c       360        95         0      1648      1888         0
       C14         c       391       164         0      1610      1850         0
       C15         c       335       238         0      1589      1829         0
       C16         c       345       385         0      1635      1875         0
       C17         c        99        76         0       180       420         0
       C18         c        39       198         0        69       309         0
       C19         c        17       214         0        46       286         0
       C20         c        17       341         0       174       414         0
       C21         c       145        17         0       593       833         0
       C22         c       166       101         0       709       949         0
       C23         c       173       218         0       686       926         0
       C24         c       134       314         0       666       906         0
       C25         c       287        13         0      1158      1398         0
       C26         c       233       121         0       982      1222         0
       C27         c       274       256         0      1012      1252         0
       C28         c       263       349         0      1198      1438         0
       C29         c       343        20         0      1661      1901         0
       C30         c       370       174         0      1596      1836         0
       C31         c       321       237         0      1448      1688         0
       C32         c       312       335         0      1501      1741         0
       C33         c        50        52         0       183       423         0
       C34         c        67       149         0       235       475         0
       C35         c        46       244         0       173       413         0
       C36         c        73       376         0       194       434         0
       C37         c       174        67         0       675       915         0
       C38         c       122       196         0       530       770         0
       C39         c       175       260         0       536       776         0
       C40         c       117       384         0       522       762         0
       C41         c       251        15         0      1191      1431         0
       C42         c       237       172         0      1016      1256         0
       C43         c       246       276         0      1073      1313         0
       C44         c       240       341         0      1004      1244         0
       C45         c       326        17         0      1471      1711         0
       C46         c       313       115         0      1665      1905         0
       C47         c       317       283         0      1606      1846         0
       C48         c       351       346         0      1642      1882         0

Vehicle fuel tank capacity /200.0/
Vehicle load capacity /190/
Fuel consumption rate /1.0/
Inverse refueling rate /0.2/
Average Velocity /1.0/

Vehicle start locations
D1:    5
D2:    0
D3:    5
D4:    0
Vehicle end locations
D1:    0
D2:    1
D3:    0
D4:    1
