  StringID      Type         x         y    demand ReadyTime   DueDateServiceTime
        D1         d         0         0         0         0      1920         0
        D2         d       400         0         0         0      1920         0
        D3         d         0       400         0         0      1920         0
        D4         d       400       400         0         0      1920         0
        S1         f       100         0         0         0      1920         0
        S2         f       200         0         0         0      1920         0
        S3         f       300         0         0         0      1920         0
        S4         f         0       100         0         0      1920         0
        S5         f       100       100         0         0      1920         0
        S6         f       200       100         0         0      1920         0
        S7         f       300       100         0         0      1920         0
        S8         f       400       100         0         0      1920         0
        S9         f         0       200         0         0      1920         0
       S10         f       100       200         0         0      1920         0
       S11         f       200       200         0         0      1920         0
       S12         f       300       200         0         0      1920         0
       S13         f       400       200         0         0      1920         0
       S14         f         0       300         0         0      1920         0
       S15         f       100       300         0         0      1920         0
       S16         f       200       300         0         0      1920         0
       S17         f       300       300         0         0      1920         0
       S18         f       400       300         0         0      1920         0
       S19         f       100       400         0         0      1920         0
       S20         f       200       400         0         0      1920         0
       S21         f       300       400         0         0      1920         0
        C1         c        25        58         0         0       480         0
        C2         c         1       199         0         0       480         0
        C3         c        96       238         0         0       480         0
        C4         c        31       341         0         0       480         0
        C5         c       171         5         0       480       960         0
        C6         c       109       181         0       480       960         0
        C7         c       190       243         0       480       960         0
        C8         c       120       385         0       480       960         0
        C9         c       295        54         0       960      1440         0
       C10         c       200       130         0       960      1440         0
       C11         c       289       207         0       960      1440         0
       C12         c       201       393         0       960      1440         0
       C13         c       310        64         0      1440      1920         0
       C14         c       312       166         0      1440      1920         0
       C15         c       359       296         0      1440      1920         0
       C16         c       382       346         0      1440      1920         0
       C17         c        67         5         0         0       480         0
       C18         c        38       184         0         0       480         0
       C19         c        14       279         0         0       480         0
       C20         c        82       362         0         0       480         0
       C21         c       149        16         0       480       960         0
       C22         c       136       117         0       480       960         0
       C23         c       131       201         0       480       960         0
       C24         c       115       319         0       480       960         0
       C25         c       276        86         0       960      1440         0
       C26         c       244       151         0       960      1440         0
       C27         c       252       234         0       960      1440         0
       C28         c       259       344         0       960      1440         0
       C29         c       361        41         0      1440      1920         0
       C30         c       310       104         0      1440      1920         0
       C31         c       303       285         0      1440      1920         0
       C32         c       395       323         0      1440      1920         0
       C33         c        72        75         0         0       480         0
       C34         c        12       163         0         0       480         0
       C35         c        69       205         0         0       480         0
       C36         c        80       307         0         0       480         0
       C37         c       154        42         0       480       960         0
       C38         c       115       162         0       480       960         0
       C39         c       184       210         0       480       960         0
       C40         c       138       351         0       480       960         0
       C41         c       289        88         0       960      1440         0
       C42         c       287       162         0       960      1440         0
       C43         c       229       282         0       960      1440         0
       C44         c       238       319         0       960      1440         0
       C45         c       343        83         0      1440      1920         0
       C46         c       351       180         0      1440      1920         0
       C47         c       354       286         0      1440      1920         0
       C48         c       394       396         0      1440      1920         0

Vehicle fuel tank capacity /200.0/
Vehicle load capacity /200/
Fuel consumption rate /1.0/
Inverse refueling rate /0.2/
Average Velocity /1.0/

Vehicle start locations
D1:    5
D2:    0
D3:    5
D4:    0
Vehicle end locations
D1:    0
D2:    1
D3:    0
D4:    1
