  StringID      Type         x         y    demand ReadyTime   DueDateServiceTime
        D1         d         0         0         0         0      1680         0
        D2         d       300         0         0         0      1680         0
        D3         d         0       400         0         0      1680         0
        D4         d       300       400         0         0      1680         0
        S1         f       100         0         0         0      1680         0
        S2         f       200         0         0         0      1680         0
        S3         f         0       100         0         0      1680         0
        S4         f       100       100         0         0      1680         0
        S5         f       200       100         0         0      1680         0
        S6         f       300       100         0         0      1680         0
        S7         f         0       200         0         0      1680         0
        S8         f       100       200         0         0      1680         0
        S9         f       200       200         0         0      1680         0
       S10         f       300       200         0         0      1680         0
       S11         f         0       300         0         0      1680         0
       S12         f       100       300         0         0      1680         0
       S13         f       200       300         0         0      1680         0
       S14         f       300       300         0         0      1680         0
       S15         f       100       400         0         0      1680         0
       S16         f       200       400         0         0      1680         0
        C1         c        37        45         0         4       284         0
        C2         c         1       181         0        19       299         0
        C3         c        76       282         0       101       381         0
        C4         c        70       365         0        95       375         0
        C5         c       126        44         0       644       924         0
        C6         c       118       197         0       711       991         0
        C7         c       181       278         0       733      1013         0
        C8         c       122       318         0       797      1077         0
        C9         c       248        67         0      1213      1493         0
       C10         c       297       124         0      1179      1459         0
       C11         c       282       265         0      1156      1436         0
       C12         c       224       368         0      1243      1523         0
       C13         c        59        11         0        79       359         0
       C14         c        42       149         0       117       397         0
       C15         c        22       268         0       194       474         0
       C16         c         7       341         0       228       508         0
       C17         c       168        54         0       753      1033         0
       C18         c       147       124         0       724      1004         0
       C19         c       101       219         0       748      1028         0
       C20         c       146       397         0       666       946         0
       C21         c       215        79         0      1272      1552         0
       C22         c       217       139         0      1228      1508         0
       C23         c       278       278         0      1123      1403         0
       C24         c       200       367         0      1386      1666         0
       C25         c        30        85         0       245       525         0
       C26         c        79       116         0       104       384         0
       C27         c        40       296         0        99       379         0
       C28         c        51       352         0         1       281         0
       C29         c       168        72         0       686       966         0
       C30         c       193       100         0       749      1029         0
       C31         c       114       212         0       645       925         0
       C32         c       144       318         0       658       938         0
       C33         c       221        10         0      1370      1650         0
       C34         c       221       105         0      1124      1404         0
       C35         c       287       204         0      1266      1546         0
       C36         c       216       394         0      1135      1415         0
       C37         c        45         4         0       167       447         0
       C38         c         4       130         0        29       309         0
       C39         c        61       279         0        42       322         0
       C40         c        32       311         0        43       323         0
       C41         c       176         1         0       759      1039         0
       C42         c       134       168         0       580       860         0
       C43         c       177       229         0       779      1059         0
       C44         c       116       358         0       834      1114         0
       C45         c       270        20         0      1179      1459         0
       C46         c       293       188         0      1212      1492         0
       C47         c       219       259         0      1121      1401         0
       C48         c       285       361         0      1365      1645         0

Vehicle fuel tank capacity /200.0/
Vehicle load capacity /160/
Fuel consumption rate /1.0/
Inverse refueling rate /0.2/
Average Velocity /1.0/

Vehicle start locations
D1:    5
D2:    0
D3:    5
D4:    0
Vehicle end locations
D1:    0
D2:    1
D3:    0
D4:    1
