  StringID      Type         x         y    demand ReadyTime   DueDateServiceTime
        D1         d         0         0         0         0      1680         0
        D2         d       300         0         0         0      1680         0
        D3         d         0       400         0         0      1680         0
        D4         d       300       400         0         0      1680         0
        S1         f       100         0         0         0      1680         0
        S2         f       200         0         0         0      1680         0
        S3         f         0       100         0         0      1680         0
        S4         f       100       100         0         0      1680         0
        S5         f       200       100         0         0      1680         0
        S6         f       300       100         0         0      1680         0
        S7         f         0       200         0         0      1680         0
        S8         f       100       200         0         0      1680         0
        S9         f       200       200         0         0      1680         0
       S10         f       300       200         0         0      1680         0
       S11         f         0       300         0         0      1680         0
       S12         f       100       300         0         0      1680         0
       S13         f       200       300         0         0      1680         0
       S14         f       300       300         0         0      1680         0
       S15         f       100       400         0         0      1680         0
       S16         f       200       400         0         0      1680         0
        C1         c        85         0         0       140       420         0
        C2         c        87       130         0       172       452         0
        C3         c        20       243         0       119       399         0
        C4         c         1       342         0       124       404         0
        C5         c       100        70         0       693       973         0
        C6         c       130       134         0       781      1061         0
        C7         c       163       233         0       595       875         0
        C8         c       105       376         0       597       877         0
        C9         c       295        33         0      1380      1660         0
       C10         c       269       136         0      1297      1577         0
       C11         c       219       278         0      1199      1479         0
       C12         c       289       362         0      1198      1478         0
       C13         c         3        18         0       194       474         0
       C14         c        82       157         0       266       546         0
       C15         c        27       201         0       216       496         0
       C16         c        76       369         0       234       514         0
       C17         c       103        57         0       656       936         0
       C18         c       163       187         0       802      1082         0
       C19         c       108       285         0       751      1031         0
       C20         c       195       359         0       610       890         0
       C21         c       283        63         0      1259      1539         0
       C22         c       213       195         0      1264      1544         0
       C23         c       299       267         0      1167      1447         0
       C24         c       232       362         0      1348      1628         0
       C25         c        17         5         0       150       430         0
       C26         c        51       151         0       188       468         0
       C27         c        24       263         0       196       476         0
       C28         c        26       372         0       129       409         0
       C29         c       172        94         0       631       911         0
       C30         c       169       147         0       581       861         0
       C31         c       181       224         0       835      1115         0
       C32         c       137       312         0       810      1090         0
       C33         c       249        88         0      1278      1558         0
       C34         c       208       148         0      1397      1677         0
       C35         c       203       235         0      1399      1679         0
       C36         c       263       307         0      1145      1425         0
       C37         c        65        24         0       131       411         0
       C38         c         1       102         0       247       527         0
       C39         c        58       270         0       236       516         0
       C40         c        94       394         0       120       400         0
       C41         c       141        67         0       731      1011         0
       C42         c       174       168         0       565       845         0
       C43         c       147       289         0       812      1092         0
       C44         c       152       386         0       720      1000         0
       C45         c       211        41         0      1256      1536         0
       C46         c       258       167         0      1382      1662         0
       C47         c       223       292         0      1351      1631         0
       C48         c       229       334         0      1371      1651         0

Vehicle fuel tank capacity /200.0/
Vehicle load capacity /210/
Fuel consumption rate /1.0/
Inverse refueling rate /0.2/
Average Velocity /1.0/

Vehicle start locations
D1:    5
D2:    0
D3:    5
D4:    0
Vehicle end locations
D1:    0
D2:    1
D3:    0
D4:    1
