  StringID      Type         x         y    demand ReadyTime   DueDateServiceTime
        D1         d         0         0         0         0      1680         0
        D2         d       300         0         0         0      1680         0
        D3         d         0       400         0         0      1680         0
        D4         d       300       400         0         0      1680         0
        S1         f       100         0         0         0      1680         0
        S2         f       200         0         0         0      1680         0
        S3         f         0       100         0         0      1680         0
        S4         f       100       100         0         0      1680         0
        S5         f       200       100         0         0      1680         0
        S6         f       300       100         0         0      1680         0
        S7         f         0       200         0         0      1680         0
        S8         f       100       200         0         0      1680         0
        S9         f       200       200         0         0      1680         0
       S10         f       300       200         0         0      1680         0
       S11         f         0       300         0         0      1680         0
       S12         f       100       300         0         0      1680         0
       S13         f       200       300         0         0      1680         0
       S14         f       300       300         0         0      1680         0
       S15         f       100       400         0         0      1680         0
       S16         f       200       400         0         0      1680         0
        C1         c         3        25         0         0       560         0
        C2         c         9       113         0         0       560         0
        C3         c        65       235         0         0       560         0
        C4         c        91       311         0         0       560         0
        C5         c       183         9         0       560      1120         0
        C6         c       100       103         0       560      1120         0
        C7         c       191       249         0       560      1120         0
        C8         c       192       307         0       560      1120         0
        C9         c       282        53         0      1120      1680         0
       C10         c       217       127         0      1120      1680         0
       C11         c       215       280         0      1120      1680         0
       C12         c       200       316         0      1120      1680         0
       C13         c        24        24         0         0       560         0
       C14         c        15       123         0         0       560         0
       C15         c        40       228         0         0       560         0
       C16         c        23       360         0         0       560         0
       C17         c       132        55         0       560      1120         0
       C18         c       102       193         0       560      1120         0
       C19         c       163       214         0       560      1120         0
       C20         c       111       366         0       560      1120         0
       C21         c       266        37         0      1120      1680         0
       C22         c       287       152         0      1120      1680         0
       C23         c       209       231         0      1120      1680         0
       C24         c       267       390         0      1120      1680         0
       C25         c        87        97         0         0       560         0
       C26         c        39       182         0         0       560         0
       C27         c        18       227         0         0       560         0
       C28         c        28       341         0         0       560         0
       C29         c       189        55         0       560      1120         0
       C30         c       169       144         0       560      1120         0
       C31         c       129       253         0       560      1120         0
       C32         c       102       301         0       560      1120         0
       C33         c       210        63         0      1120      1680         0
       C34         c       285       111         0      1120      1680         0
       C35         c       283       286         0      1120      1680         0
       C36         c       254       337         0      1120      1680         0
       C37         c        20        14         0         0       560         0
       C38         c        30       133         0         0       560         0
       C39         c        83       230         0         0       560         0
       C40         c        79       390         0         0       560         0
       C41         c       162         8         0       560      1120         0
       C42         c       144       154         0       560      1120         0
       C43         c       178       255         0       560      1120         0
       C44         c       114       331         0       560      1120         0
       C45         c       286        87         0      1120      1680         0
       C46         c       220       147         0      1120      1680         0
       C47         c       298       260         0      1120      1680         0
       C48         c       286       322         0      1120      1680         0

Vehicle fuel tank capacity /200.0/
Vehicle load capacity /190/
Fuel consumption rate /1.0/
Inverse refueling rate /0.2/
Average Velocity /1.0/

Vehicle start locations
D1:    5
D2:    0
D3:    5
D4:    0
Vehicle end locations
D1:    0
D2:    1
D3:    0
D4:    1
