  StringID      Type         x         y    demand ReadyTime   DueDateServiceTime
        D1         d         0         0         0         0      1920         0
        D2         d       400         0         0         0      1920         0
        D3         d         0       400         0         0      1920         0
        D4         d       400       400         0         0      1920         0
        S1         f       100         0         0         0      1920         0
        S2         f       200         0         0         0      1920         0
        S3         f       300         0         0         0      1920         0
        S4         f         0       100         0         0      1920         0
        S5         f       100       100         0         0      1920         0
        S6         f       200       100         0         0      1920         0
        S7         f       300       100         0         0      1920         0
        S8         f       400       100         0         0      1920         0
        S9         f         0       200         0         0      1920         0
       S10         f       100       200         0         0      1920         0
       S11         f       200       200         0         0      1920         0
       S12         f       300       200         0         0      1920         0
       S13         f       400       200         0         0      1920         0
       S14         f         0       300         0         0      1920         0
       S15         f       100       300         0         0      1920         0
       S16         f       200       300         0         0      1920         0
       S17         f       300       300         0         0      1920         0
       S18         f       400       300         0         0      1920         0
       S19         f       100       400         0         0      1920         0
       S20         f       200       400         0         0      1920         0
       S21         f       300       400         0         0      1920         0
        C1         c        68        27         0         3       243         0
        C2         c        18       112         0        16       256         0
        C3         c        48       277         0        86       326         0
        C4         c        44       313         0        81       321         0
        C5         c       113        64         0       552       792         0
        C6         c       190       101         0       609       849         0
        C7         c       157       202         0       629       869         0
        C8         c       193       399         0       683       923         0
        C9         c       206        55         0      1034      1274         0
       C10         c       290       164         0      1087      1327         0
       C11         c       243       280         0      1022      1262         0
       C12         c       217       330         0       972      1212         0
       C13         c       360        18         0      1630      1870         0
       C14         c       310       124         0      1448      1688         0
       C15         c       307       258         0      1656      1896         0
       C16         c       306       398         0      1572      1812         0
       C17         c        44         8         0        67       307         0
       C18         c        18       146         0       100       340         0
       C19         c         6       291         0       166       406         0
       C20         c        63       309         0       196       436         0
       C21         c       143         6         0       645       885         0
       C22         c       167       168         0       620       860         0
       C23         c       168       260         0       641       881         0
       C24         c       120       359         0       571       811         0
       C25         c       267        94         0       997      1237         0
       C26         c       289       124         0      1124      1364         0
       C27         c       269       279         0      1002      1242         0
       C28         c       213       358         0      1092      1332         0
       C29         c       332        66         0      1563      1803         0
       C30         c       399       144         0      1619      1859         0
       C31         c       327       289         0      1578      1818         0
       C32         c       300       390         0      1543      1783         0
       C33         c        47        95         0       210       450         0
       C34         c        31       118         0        89       329         0
       C35         c        93       286         0        85       325         0
       C36         c        97       383         0         1       241         0
       C37         c       193        44         0       588       828         0
       C38         c       165       127         0       642       882         0
       C39         c       128       290         0       553       793         0
       C40         c       143       332         0       564       804         0
       C41         c       245        27         0       983      1223         0
       C42         c       247       197         0      1096      1336         0
       C43         c       247       293         0      1091      1331         0
       C44         c       282       385         0       991      1231         0
       C45         c       307        29         0      1585      1825         0
       C46         c       382       191         0      1650      1890         0
       C47         c       375       292         0      1442      1682         0
       C48         c       367       315         0      1481      1721         0

Vehicle fuel tank capacity /200.0/
Vehicle load capacity /160/
Fuel consumption rate /1.0/
Inverse refueling rate /0.2/
Average Velocity /1.0/

Vehicle start locations
D1:    5
D2:    0
D3:    5
D4:    0
Vehicle end locations
D1:    0
D2:    1
D3:    0
D4:    1
