  StringID      Type         x         y    demand ReadyTime   DueDateServiceTime
        D1         d         0         0         0         0      1920         0
        D2         d       400         0         0         0      1920         0
        D3         d         0       400         0         0      1920         0
        D4         d       400       400         0         0      1920         0
        S1         f       100         0         0         0      1920         0
        S2         f       200         0         0         0      1920         0
        S3         f       300         0         0         0      1920         0
        S4         f         0       100         0         0      1920         0
        S5         f       100       100         0         0      1920         0
        S6         f       200       100         0         0      1920         0
        S7         f       300       100         0         0      1920         0
        S8         f       400       100         0         0      1920         0
        S9         f         0       200         0         0      1920         0
       S10         f       100       200         0         0      1920         0
       S11         f       200       200         0         0      1920         0
       S12         f       300       200         0         0      1920         0
       S13         f       400       200         0         0      1920         0
       S14         f         0       300         0         0      1920         0
       S15         f       100       300         0         0      1920         0
       S16         f       200       300         0         0      1920         0
       S17         f       300       300         0         0      1920         0
       S18         f       400       300         0         0      1920         0
       S19         f       100       400         0         0      1920         0
       S20         f       200       400         0         0      1920         0
       S21         f       300       400         0         0      1920         0
        C1         c        65        23         0         0       480         0
        C2         c        34       181         0         0       480         0
        C3         c        40       274         0         0       480         0
        C4         c        65       382         0         0       480         0
        C5         c       149        79         0       480       960         0
        C6         c       180       102         0       480       960         0
        C7         c       172       250         0       480       960         0
        C8         c       188       388         0       480       960         0
        C9         c       279         9         0       960      1440         0
       C10         c       279       133         0       960      1440         0
       C11         c       270       230         0       960      1440         0
       C12         c       277       363         0       960      1440         0
       C13         c       366        44         0      1440      1920         0
       C14         c       354       195         0      1440      1920         0
       C15         c       316       232         0      1440      1920         0
       C16         c       310       324         0      1440      1920         0
       C17         c         6        26         0         0       480         0
       C18         c        92       189         0         0       480         0
       C19         c        37       226         0         0       480         0
       C20         c        30       329         0         0       480         0
       C21         c       113        13         0       480       960         0
       C22         c       167       174         0       480       960         0
       C23         c       101       297         0       480       960         0
       C24         c       109       382         0       480       960         0
       C25         c       229        28         0       960      1440         0
       C26         c       243       191         0       960      1440         0
       C27         c       259       288         0       960      1440         0
       C28         c       226       336         0       960      1440         0
       C29         c       317        37         0      1440      1920         0
       C30         c       309       107         0      1440      1920         0
       C31         c       330       280         0      1440      1920         0
       C32         c       385       392         0      1440      1920         0
       C33         c        98        93         0         0       480         0
       C34         c        18       177         0         0       480         0
       C35         c        74       217         0         0       480         0
       C36         c        65       372         0         0       480         0
       C37         c       143        69         0       480       960         0
       C38         c       145       161         0       480       960         0
       C39         c       161       286         0       480       960         0
       C40         c       193       324         0       480       960         0
       C41         c       209        58         0       960      1440         0
       C42         c       234       120         0       960      1440         0
       C43         c       245       209         0       960      1440         0
       C44         c       292       343         0       960      1440         0
       C45         c       329        25         0      1440      1920         0
       C46         c       354       138         0      1440      1920         0
       C47         c       353       243         0      1440      1920         0
       C48         c       369       344         0      1440      1920         0

Vehicle fuel tank capacity /200.0/
Vehicle load capacity /180/
Fuel consumption rate /1.0/
Inverse refueling rate /0.2/
Average Velocity /1.0/

Vehicle start locations
D1:    5
D2:    0
D3:    5
D4:    0
Vehicle end locations
D1:    0
D2:    1
D3:    0
D4:    1
