  StringID      Type         x         y    demand ReadyTime   DueDateServiceTime
        D1         d         0         0         0         0      1920         0
        D2         d       400         0         0         0      1920         0
        D3         d         0       400         0         0      1920         0
        D4         d       400       400         0         0      1920         0
        S1         f       100         0         0         0      1920         0
        S2         f       200         0         0         0      1920         0
        S3         f       300         0         0         0      1920         0
        S4         f         0       100         0         0      1920         0
        S5         f       100       100         0         0      1920         0
        S6         f       200       100         0         0      1920         0
        S7         f       300       100         0         0      1920         0
        S8         f       400       100         0         0      1920         0
        S9         f         0       200         0         0      1920         0
       S10         f       100       200         0         0      1920         0
       S11         f       200       200         0         0      1920         0
       S12         f       300       200         0         0      1920         0
       S13         f       400       200         0         0      1920         0
       S14         f         0       300         0         0      1920         0
       S15         f       100       300         0         0      1920         0
       S16         f       200       300         0         0      1920         0
       S17         f       300       300         0         0      1920         0
       S18         f       400       300         0         0      1920         0
       S19         f       100       400         0         0      1920         0
       S20         f       200       400         0         0      1920         0
       S21         f       300       400         0         0      1920         0
        C1         c        44        30         0       120       360         0
        C2         c        86       132         0       148       388         0
        C3         c        25       207         0       102       342         0
        C4         c        27       362         0       106       346         0
        C5         c       194        14         0       594       834         0
        C6         c       155       145         0       669       909         0
        C7         c       188       221         0       510       750         0
        C8         c       144       378         0       512       752         0
        C9         c       297        31         0      1184      1424         0
       C10         c       201       144         0      1188      1428         0
       C11         c       227       229         0      1056      1296         0
       C12         c       291       359         0      1086      1326         0
       C13         c       378        56         0      1442      1682         0
       C14         c       334       136         0      1620      1860         0
       C15         c       382       212         0      1469      1709         0
       C16         c       335       374         0      1461      1701         0
       C17         c        60        85         0       166       406         0
       C18         c        46       137         0       228       468         0
       C19         c        23       230         0       185       425         0
       C20         c        21       336         0       201       441         0
       C21         c       130         0         0       563       803         0
       C22         c       150       166         0       687       927         0
       C23         c       106       280         0       644       884         0
       C24         c       156       376         0       523       763         0
       C25         c       218        64         0      1024      1264         0
       C26         c       262       187         0      1151      1391         0
       C27         c       217       263         0      1116      1356         0
       C28         c       281       305         0       988      1228         0
       C29         c       303        60         0      1675      1915         0
       C30         c       335       182         0      1668      1908         0
       C31         c       329       245         0      1640      1880         0
       C32         c       395       346         0      1483      1723         0
       C33         c        62        31         0       129       369         0
       C34         c        97       194         0       161       401         0
       C35         c        84       276         0       168       408         0
       C36         c        62       321         0       110       350         0
       C37         c       116        45         0       541       781         0
       C38         c       188       198         0       498       738         0
       C39         c       146       221         0       716       956         0
       C40         c       171       309         0       694       934         0
       C41         c       258        18         0      1133      1373         0
       C42         c       216       133         0       974      1214         0
       C43         c       216       298         0      1172      1412         0
       C44         c       243       323         0      1021      1261         0
       C45         c       360        93         0      1458      1698         0
       C46         c       390       158         0      1533      1773         0
       C47         c       362       214         0      1447      1687         0
       C48         c       336       389         0      1498      1738         0

Vehicle fuel tank capacity /200.0/
Vehicle load capacity /210/
Fuel consumption rate /1.0/
Inverse refueling rate /0.2/
Average Velocity /1.0/

Vehicle start locations
D1:    5
D2:    0
D3:    5
D4:    0
Vehicle end locations
D1:    0
D2:    1
D3:    0
D4:    1
