  StringID      Type         x         y    demand ReadyTime   DueDateServiceTime
        D1         d         0         0         0         0      2160         0
        D2         d       500         0         0         0      2160         0
        D3         d         0       400         0         0      2160         0
        D4         d       500       400         0         0      2160         0
        S1         f       100         0         0         0      2160         0
        S2         f       200         0         0         0      2160         0
        S3         f       300         0         0         0      2160         0
        S4         f       400         0         0         0      2160         0
        S5         f         0       100         0         0      2160         0
        S6         f       100       100         0         0      2160         0
        S7         f       200       100         0         0      2160         0
        S8         f       300       100         0         0      2160         0
        S9         f       400       100         0         0      2160         0
       S10         f       500       100         0         0      2160         0
       S11         f         0       200         0         0      2160         0
       S12         f       100       200         0         0      2160         0
       S13         f       200       200         0         0      2160         0
       S14         f       300       200         0         0      2160         0
       S15         f       400       200         0         0      2160         0
       S16         f       500       200         0         0      2160         0
       S17         f         0       300         0         0      2160         0
       S18         f       100       300         0         0      2160         0
       S19         f       200       300         0         0      2160         0
       S20         f       300       300         0         0      2160         0
       S21         f       400       300         0         0      2160         0
       S22         f       500       300         0         0      2160         0
       S23         f       100       400         0         0      2160         0
       S24         f       200       400         0         0      2160         0
       S25         f       300       400         0         0      2160         0
       S26         f       400       400         0         0      2160         0
        C1         c        57        78         0       103       319         0
        C2         c        58       196         0       140       356         0
        C3         c        39       240         0        26       242         0
        C4         c        34       351         0        71       287         0
        C5         c       151        70         0       590       806         0
        C6         c       155       159         0       471       687         0
        C7         c       125       268         0       550       766         0
        C8         c       143       320         0       609       825         0
        C9         c       225        19         0       978      1194         0
       C10         c       298       155         0       935      1151         0
       C11         c       257       238         0      1017      1233         0
       C12         c       234       307         0       981      1197         0
       C13         c       385        74         0      1467      1683         0
       C14         c       344       133         0      1427      1643         0
       C15         c       352       210         0      1385      1601         0
       C16         c       394       340         0      1439      1655         0
       C17         c       473         6         0      1876      2092         0
       C18         c       436       148         0      1795      2011         0
       C19         c       478       230         0      1753      1969         0
       C20         c       434       397         0      1746      1962         0
       C21         c        86         9         0       175       391         0
       C22         c        15       141         0        61       277         0
       C23         c        37       216         0        29       245         0
       C24         c        85       383         0       109       325         0
       C25         c       183        71         0       514       730         0
       C26         c       111       181         0       550       766         0
       C27         c       129       228         0       592       808         0
       C28         c       190       385         0       494       710         0
       C29         c       281        13         0      1019      1235         0
       C30         c       231       175         0      1004      1220         0
       C31         c       235       279         0       995      1211         0
       C32         c       292       309         0       928      1144         0
       C33         c       367        27         0      1379      1595         0
       C34         c       371       129         0      1348      1564         0
       C35         c       304       290         0      1394      1610         0
       C36         c       394       330         0      1324      1540         0
       C37         c       419         4         0      1803      2019         0
       C38         c       431       174         0      1813      2029         0
       C39         c       454       263         0      1908      2124         0
       C40         c       439       357         0      1840      2056         0
       C41         c        15         4         0       194       410         0
       C42         c        73       112         0       110       326         0
       C43         c         7       244         0         4       220         0
       C44         c        29       330         0       178       394         0
       C45         c       176        42         0       611       827         0
       C46         c       134       190         0       573       789         0
       C47         c       175       281         0       531       747         0
       C48         c       190       305         0       472       688         0
       C49         c       281        67         0       957      1173         0
       C50         c       296       177         0       984      1200         0
       C51         c       271       288         0      1006      1222         0
       C52         c       256       344         0      1000      1216         0
       C53         c       304        52         0      1469      1685         0
       C54         c       312       136         0      1507      1723         0
       C55         c       396       277         0      1413      1629         0
       C56         c       351       321         0      1450      1666         0
       C57         c       446        26         0      1748      1964         0
       C58         c       418       164         0      1901      2117         0
       C59         c       418       259         0      1866      2082         0
       C60         c       475       337         0      1785      2001         0

Vehicle fuel tank capacity /200.0/
Vehicle load capacity /220/
Fuel consumption rate /1.0/
Inverse refueling rate /0.2/
Average Velocity /1.0/

Vehicle start locations
D1:    5
D2:    0
D3:    5
D4:    0
Vehicle end locations
D1:    0
D2:    1
D3:    0
D4:    1
