  StringID      Type         x         y    demand ReadyTime   DueDateServiceTime
        D1         d         0         0         0         0      2160         0
        D2         d       500         0         0         0      2160         0
        D3         d         0       400         0         0      2160         0
        D4         d       500       400         0         0      2160         0
        S1         f       100         0         0         0      2160         0
        S2         f       200         0         0         0      2160         0
        S3         f       300         0         0         0      2160         0
        S4         f       400         0         0         0      2160         0
        S5         f         0       100         0         0      2160         0
        S6         f       100       100         0         0      2160         0
        S7         f       200       100         0         0      2160         0
        S8         f       300       100         0         0      2160         0
        S9         f       400       100         0         0      2160         0
       S10         f       500       100         0         0      2160         0
       S11         f         0       200         0         0      2160         0
       S12         f       100       200         0         0      2160         0
       S13         f       200       200         0         0      2160         0
       S14         f       300       200         0         0      2160         0
       S15         f       400       200         0         0      2160         0
       S16         f       500       200         0         0      2160         0
       S17         f         0       300         0         0      2160         0
       S18         f       100       300         0         0      2160         0
       S19         f       200       300         0         0      2160         0
       S20         f       300       300         0         0      2160         0
       S21         f       400       300         0         0      2160         0
       S22         f       500       300         0         0      2160         0
       S23         f       100       400         0         0      2160         0
       S24         f       200       400         0         0      2160         0
       S25         f       300       400         0         0      2160         0
       S26         f       400       400         0         0      2160         0
        C1         c        43         0         0       108       324         0
        C2         c        12       194         0       133       349         0
        C3         c        25       285         0        91       307         0
        C4         c        48       383         0        95       311         0
        C5         c       146        36         0       535       751         0
        C6         c       102       184         0       602       818         0
        C7         c       190       294         0       459       675         0
        C8         c       150       322         0       461       677         0
        C9         c       226        97         0      1066      1282         0
       C10         c       254       135         0      1069      1285         0
       C11         c       225       234         0       951      1167         0
       C12         c       273       377         0       978      1194         0
       C13         c       336        58         0      1298      1514         0
       C14         c       385       162         0      1458      1674         0
       C15         c       355       208         0      1322      1538         0
       C16         c       366       340         0      1315      1531         0
       C17         c       430        42         0      1928      2144         0
       C18         c       418       160         0      1864      2080         0
       C19         c       439       243         0      1789      2005         0
       C20         c       467       358         0      1788      2004         0
       C21         c         2        99         0       149       365         0
       C22         c        43       161         0       205       421         0
       C23         c         6       218         0       167       383         0
       C24         c        51       339         0       181       397         0
       C25         c       149        64         0       506       722         0
       C26         c       178       174         0       619       835         0
       C27         c       114       231         0       580       796         0
       C28         c       114       379         0       471       687         0
       C29         c       286        59         0       922      1138         0
       C30         c       264       143         0      1036      1252         0
       C31         c       206       234         0      1004      1220         0
       C32         c       281       369         0       889      1105         0
       C33         c       391         0         0      1508      1724         0
       C34         c       369       173         0      1501      1717         0
       C35         c       395       234         0      1476      1692         0
       C36         c       377       388         0      1335      1551         0
       C37         c       464        43         0      1835      2051         0
       C38         c       489       111         0      1839      2055         0
       C39         c       431       226         0      1764      1980         0
       C40         c       412       364         0      1904      2120         0
       C41         c        74        92         0       116       332         0
       C42         c        67       188         0       145       361         0
       C43         c        26       270         0       151       367         0
       C44         c         8       362         0        99       315         0
       C45         c       130        66         0       487       703         0
       C46         c       160       152         0       448       664         0
       C47         c       181       282         0       644       860         0
       C48         c       104       364         0       624       840         0
       C49         c       295        15         0      1020      1236         0
       C50         c       288       101         0       876      1092         0
       C51         c       248       203         0      1055      1271         0
       C52         c       293       355         0       919      1135         0
       C53         c       370        19         0      1312      1528         0
       C54         c       317       104         0      1379      1595         0
       C55         c       387       294         0      1302      1518         0
       C56         c       375       309         0      1348      1564         0
       C57         c       404        82         0      1850      2066         0
       C58         c       455       176         0      1942      2158         0
       C59         c       471       266         0      1943      2159         0
       C60         c       409       397         0      1747      1963         0

Vehicle fuel tank capacity /200.0/
Vehicle load capacity /260/
Fuel consumption rate /1.0/
Inverse refueling rate /0.2/
Average Velocity /1.0/

Vehicle start locations
D1:    5
D2:    0
D3:    5
D4:    0
Vehicle end locations
D1:    0
D2:    1
D3:    0
D4:    1
