  StringID      Type         x         y    demand ReadyTime   DueDateServiceTime
        D1         d         0         0         0         0      1680         0
        D2         d       300         0         0         0      1680         0
        D3         d         0       400         0         0      1680         0
        D4         d       300       400         0         0      1680         0
        S1         f       100         0         0         0      1680         0
        S2         f       200         0         0         0      1680         0
        S3         f         0       100         0         0      1680         0
        S4         f       100       100         0         0      1680         0
        S5         f       200       100         0         0      1680         0
        S6         f       300       100         0         0      1680         0
        S7         f         0       200         0         0      1680         0
        S8         f       100       200         0         0      1680         0
        S9         f       200       200         0         0      1680         0
       S10         f       300       200         0         0      1680         0
       S11         f         0       300         0         0      1680         0
       S12         f       100       300         0         0      1680         0
       S13         f       200       300         0         0      1680         0
       S14         f       300       300         0         0      1680         0
       S15         f       100       400         0         0      1680         0
       S16         f       200       400         0         0      1680         0
        C1         c        25        76         0       147       427         0
        C2         c        66       135         0       121       401         0
        C3         c        13       284         0       234       514         0
        C4         c        30       344         0       234       514         0
        C5         c       176        67         0       755      1035         0
        C6         c       114       192         0       838      1118         0
        C7         c       108       257         0       583       863         0
        C8         c       177       303         0       732      1012         0
        C9         c       234        43         0      1374      1654         0
       C10         c       273       117         0      1281      1561         0
       C11         c       235       204         0      1167      1447         0
       C12         c       267       330         0      1171      1451         0
       C13         c        49        19         0       136       416         0
       C14         c        25       167         0        24       304         0
       C15         c        60       240         0       149       429         0
       C16         c        62       332         0       187       467         0
       C17         c       139        50         0       762      1042         0
       C18         c       113       146         0       755      1035         0
       C19         c       118       246         0       628       908         0
       C20         c       115       368         0       799      1079         0
       C21         c       298        73         0      1236      1516         0
       C22         c       299       179         0      1368      1648         0
       C23         c       264       210         0      1262      1542         0
       C24         c       281       365         0      1268      1548         0
       C25         c        52        69         0       221       501         0
       C26         c         1       123         0       262       542         0
       C27         c        47       226         0       272       552         0
       C28         c        74       322         0       154       434         0
       C29         c       131        94         0       746      1026         0
       C30         c       193       116         0       779      1059         0
       C31         c       119       222         0       725      1005         0
       C32         c       149       342         0       607       887         0
       C33         c       293        25         0      1134      1414         0
       C34         c       292       153         0      1160      1440         0
       C35         c       283       235         0      1370      1650         0
       C36         c       297       359         0      1209      1489         0
       C37         c        80        66         0       129       409         0
       C38         c        52       131         0        18       298         0
       C39         c        26       227         0       121       401         0
       C40         c        95       335         0       159       439         0
       C41         c       178         8         0       633       913         0
       C42         c       170       190         0       674       954         0
       C43         c       139       281         0       703       983         0
       C44         c       134       361         0       835      1115         0
       C45         c       222        54         0      1333      1613         0
       C46         c       298       129         0      1283      1563         0
       C47         c       265       271         0      1218      1498         0
       C48         c       281       375         0      1193      1473         0
       C49         c        19        36         0       123       403         0
       C50         c        97       120         0       106       386         0
       C51         c        12       202         0       197       477         0
       C52         c        82       329         0       112       392         0
       C53         c       183        78         0       701       981         0
       C54         c       146       159         0       712       992         0
       C55         c       120       282         0       598       878         0
       C56         c       118       386         0       651       931         0
       C57         c       281        21         0      1256      1536         0
       C58         c       277       132         0      1363      1643         0
       C59         c       279       284         0      1135      1415         0
       C60         c       202       395         0      1390      1670         0

Vehicle fuel tank capacity /200.0/
Vehicle load capacity /250/
Fuel consumption rate /1.0/
Inverse refueling rate /0.2/
Average Velocity /1.0/

Vehicle start locations
D1:    5
D2:    0
D3:    5
D4:    0
Vehicle end locations
D1:    0
D2:    1
D3:    0
D4:    1
