  StringID      Type         x         y    demand ReadyTime   DueDateServiceTime
        D1         d         0         0         0         0      1680         0
        D2         d       300         0         0         0      1680         0
        D3         d         0       400         0         0      1680         0
        D4         d       300       400         0         0      1680         0
        S1         f       100         0         0         0      1680         0
        S2         f       200         0         0         0      1680         0
        S3         f         0       100         0         0      1680         0
        S4         f       100       100         0         0      1680         0
        S5         f       200       100         0         0      1680         0
        S6         f       300       100         0         0      1680         0
        S7         f         0       200         0         0      1680         0
        S8         f       100       200         0         0      1680         0
        S9         f       200       200         0         0      1680         0
       S10         f       300       200         0         0      1680         0
       S11         f         0       300         0         0      1680         0
       S12         f       100       300         0         0      1680         0
       S13         f       200       300         0         0      1680         0
       S14         f       300       300         0         0      1680         0
       S15         f       100       400         0         0      1680         0
       S16         f       200       400         0         0      1680         0
        C1         c        62        30         0       222       502         0
        C2         c         3       179         0       252       532         0
        C3         c        90       264         0       146       426         0
        C4         c        18       331         0       174       454         0
        C5         c       161        84         0       775      1055         0
        C6         c       142       198         0       600       880         0
        C7         c       166       288         0       654       934         0
        C8         c       148       324         0       643       923         0
        C9         c       256        26         0      1158      1438         0
       C10         c       277       109         0      1320      1600         0
       C11         c       232       262         0      1310      1590         0
       C12         c       264       385         0      1370      1650         0
       C13         c        92        62         0       171       451         0
       C14         c        18       123         0       126       406         0
       C15         c        29       239         0       187       467         0
       C16         c        42       305         0        87       367         0
       C17         c       151        87         0       742      1022         0
       C18         c       135       183         0       569       849         0
       C19         c       105       292         0       786      1066         0
       C20         c       155       382         0       820      1100         0
       C21         c       232        42         0      1138      1418         0
       C22         c       236       106         0      1252      1532         0
       C23         c       260       207         0      1182      1462         0
       C24         c       204       336         0      1234      1514         0
       C25         c        30         9         0       274       554         0
       C26         c        43       116         0       268       548         0
       C27         c        61       281         0        50       330         0
       C28         c        72       391         0       249       529         0
       C29         c       169        30         0       753      1033         0
       C30         c       182       123         0       578       858         0
       C31         c       169       202         0       623       903         0
       C32         c       138       314         0       815      1095         0
       C33         c       288        42         0      1338      1618         0
       C34         c       284       178         0      1211      1491         0
       C35         c       277       233         0      1370      1650         0
       C36         c       245       364         0      1235      1515         0
       C37         c        13        43         0       154       434         0
       C38         c        26       144         0       212       492         0
       C39         c        12       286         0       201       481         0
       C40         c        24       356         0        52       332         0
       C41         c       141        64         0       567       847         0
       C42         c       129       167         0       583       863         0
       C43         c       180       201         0       663       943         0
       C44         c       196       329         0       597       877         0
       C45         c       214        62         0      1251      1531         0
       C46         c       264       194         0      1161      1441         0
       C47         c       239       291         0      1139      1419         0
       C48         c       219       394         0      1183      1463         0
       C49         c        84         4         0       101       381         0
       C50         c         5       153         0       159       439         0
       C51         c        22       267         0       198       478         0
       C52         c        40       322         0       251       531         0
       C53         c       110        69         0       684       964         0
       C54         c       101       125         0       642       922         0
       C55         c       167       240         0       806      1086         0
       C56         c       127       359         0       596       876         0
       C57         c       244        74         0      1361      1641         0
       C58         c       272       184         0      1368      1648         0
       C59         c       292       210         0      1300      1580         0
       C60         c       230       395         0      1334      1614         0

Vehicle fuel tank capacity /200.0/
Vehicle load capacity /220/
Fuel consumption rate /1.0/
Inverse refueling rate /0.2/
Average Velocity /1.0/

Vehicle start locations
D1:    5
D2:    0
D3:    5
D4:    0
Vehicle end locations
D1:    0
D2:    1
D3:    0
D4:    1
