  StringID      Type         x         y    demand ReadyTime   DueDateServiceTime
        D1         d         0         0         0         0      2160         0
        D2         d       500         0         0         0      2160         0
        D3         d         0       400         0         0      2160         0
        D4         d       500       400         0         0      2160         0
        S1         f       100         0         0         0      2160         0
        S2         f       200         0         0         0      2160         0
        S3         f       300         0         0         0      2160         0
        S4         f       400         0         0         0      2160         0
        S5         f         0       100         0         0      2160         0
        S6         f       100       100         0         0      2160         0
        S7         f       200       100         0         0      2160         0
        S8         f       300       100         0         0      2160         0
        S9         f       400       100         0         0      2160         0
       S10         f       500       100         0         0      2160         0
       S11         f         0       200         0         0      2160         0
       S12         f       100       200         0         0      2160         0
       S13         f       200       200         0         0      2160         0
       S14         f       300       200         0         0      2160         0
       S15         f       400       200         0         0      2160         0
       S16         f       500       200         0         0      2160         0
       S17         f         0       300         0         0      2160         0
       S18         f       100       300         0         0      2160         0
       S19         f       200       300         0         0      2160         0
       S20         f       300       300         0         0      2160         0
       S21         f       400       300         0         0      2160         0
       S22         f       500       300         0         0      2160         0
       S23         f       100       400         0         0      2160         0
       S24         f       200       400         0         0      2160         0
       S25         f       300       400         0         0      2160         0
       S26         f       400       400         0         0      2160         0
        C1         c         7        48         0       171       387         0
        C2         c         7       161         0       195       411         0
        C3         c        79       241         0       113       329         0
        C4         c        75       328         0       134       350         0
        C5         c       154        11         0       598       814         0
        C6         c       169       195         0       463       679         0
        C7         c       184       265         0       504       720         0
        C8         c       154       356         0       496       712         0
        C9         c       274        25         0       894      1110         0
       C10         c       215       132         0       977      1193         0
       C11         c       295       276         0       985      1201         0
       C12         c       285       328         0       888      1104         0
       C13         c       314        68         0      1389      1605         0
       C14         c       367       104         0      1470      1686         0
       C15         c       348       288         0      1458      1674         0
       C16         c       326       303         0      1363      1579         0
       C17         c       484        41         0      1757      1973         0
       C18         c       451       140         0      1882      2098         0
       C19         c       402       251         0      1874      2090         0
       C20         c       486       388         0      1920      2136         0
       C21         c        61         5         0       132       348         0
       C22         c        56       108         0        97       313         0
       C23         c        43       203         0       144       360         0
       C24         c        48       337         0        67       283         0
       C25         c       112        69         0       572       788         0
       C26         c       105       142         0       439       655         0
       C27         c       112       258         0       606       822         0
       C28         c       192       392         0       633       849         0
       C29         c       290        90         0       881      1097         0
       C30         c       247       144         0       997      1213         0
       C31         c       216       270         0       868      1084         0
       C32         c       278       354         0      1014      1230         0
       C33         c       361        89         0      1493      1709         0
       C34         c       318       157         0      1340      1556         0
       C35         c       323       279         0      1423      1639         0
       C36         c       394       395         0      1503      1719         0
       C37         c       423        21         0      1742      1958         0
       C38         c       402       103         0      1830      2046         0
       C39         c       495       249         0      1776      1992         0
       C40         c       499       306         0      1816      2032         0
       C41         c        37        21         0       212       428         0
       C42         c        97       173         0       207       423         0
       C43         c        28       229         0        39       255         0
       C44         c        90       393         0       192       408         0
       C45         c       186        24         0       581       797         0
       C46         c       192       165         0       446       662         0
       C47         c       178       286         0       480       696         0
       C48         c       182       380         0       628       844         0
       C49         c       245        53         0       931      1147         0
       C50         c       226       116         0       992      1208         0
       C51         c       285       257         0       967      1183         0
       C52         c       294       384         0       995      1211         0
       C53         c       389        73         0      1350      1566         0
       C54         c       338       123         0      1453      1669         0
       C55         c       399       295         0      1403      1619         0
       C56         c       376       370         0      1446      1662         0
       C57         c       476        63         0      1896      2112         0
       C58         c       400       150         0      1798      2014         0
       C59         c       463       247         0      1920      2136         0
       C60         c       411       327         0      1816      2032         0

Vehicle fuel tank capacity /200.0/
Vehicle load capacity /220/
Fuel consumption rate /1.0/
Inverse refueling rate /0.2/
Average Velocity /1.0/

Vehicle start locations
D1:    5
D2:    0
D3:    5
D4:    0
Vehicle end locations
D1:    0
D2:    1
D3:    0
D4:    1
