  StringID      Type         x         y    demand ReadyTime   DueDateServiceTime
        D1         d         0         0         0         0      2160         0
        D2         d       500         0         0         0      2160         0
        D3         d         0       400         0         0      2160         0
        D4         d       500       400         0         0      2160         0
        S1         f       100         0         0         0      2160         0
        S2         f       200         0         0         0      2160         0
        S3         f       300         0         0         0      2160         0
        S4         f       400         0         0         0      2160         0
        S5         f         0       100         0         0      2160         0
        S6         f       100       100         0         0      2160         0
        S7         f       200       100         0         0      2160         0
        S8         f       300       100         0         0      2160         0
        S9         f       400       100         0         0      2160         0
       S10         f       500       100         0         0      2160         0
       S11         f         0       200         0         0      2160         0
       S12         f       100       200         0         0      2160         0
       S13         f       200       200         0         0      2160         0
       S14         f       300       200         0         0      2160         0
       S15         f       400       200         0         0      2160         0
       S16         f       500       200         0         0      2160         0
       S17         f         0       300         0         0      2160         0
       S18         f       100       300         0         0      2160         0
       S19         f       200       300         0         0      2160         0
       S20         f       300       300         0         0      2160         0
       S21         f       400       300         0         0      2160         0
       S22         f       500       300         0         0      2160         0
       S23         f       100       400         0         0      2160         0
       S24         f       200       400         0         0      2160         0
       S25         f       300       400         0         0      2160         0
       S26         f       400       400         0         0      2160         0
        C1         c        96        36         0       115       331         0
        C2         c        69       163         0       214       430         0
        C3         c        99       221         0         8       224         0
        C4         c        92       346         0        72       288         0
        C5         c       190        57         0       607       823         0
        C6         c       194       115         0       496       712         0
        C7         c       144       232         0       539       755         0
        C8         c       100       326         0       639       855         0
        C9         c       263        52         0       910      1126         0
       C10         c       294       139         0      1000      1216         0
       C11         c       213       295         0       916      1132         0
       C12         c       261       356         0       888      1104         0
       C13         c       368        61         0      1483      1699         0
       C14         c       371       106         0      1449      1665         0
       C15         c       351       277         0      1430      1646         0
       C16         c       397       312         0      1472      1688         0
       C17         c       496         3         0      1920      2136         0
       C18         c       411       165         0      1892      2108         0
       C19         c       444       267         0      1767      1983         0
       C20         c       499       375         0      1823      2039         0
       C21         c        23        51         0       162       378         0
       C22         c        15       186         0        62       278         0
       C23         c        70       234         0        42       258         0
       C24         c        51       337         0       156       372         0
       C25         c       171        33         0       533       749         0
       C26         c       169       169         0       638       854         0
       C27         c       119       212         0       617       833         0
       C28         c       186       356         0       599       815         0
       C29         c       280        44         0      1042      1258         0
       C30         c       295       101         0       884      1100         0
       C31         c       291       231         0       911      1127         0
       C32         c       273       309         0      1078      1294         0
       C33         c       325        93         0      1495      1711         0
       C34         c       313       133         0      1436      1652         0
       C35         c       372       252         0      1303      1519         0
       C36         c       357       351         0      1350      1566         0
       C37         c       471        34         0      1771      1987         0
       C38         c       498       169         0      1789      2005         0
       C39         c       491       228         0      1882      2098         0
       C40         c       470       363         0      1774      1990         0
       C41         c        17        89         0       165       381         0
       C42         c        56       161         0       212       428         0
       C43         c        77       259         0       156       372         0
       C44         c        32       329         0       174       390         0
       C45         c       168        96         0       607       823         0
       C46         c       154       194         0       477       693         0
       C47         c       179       292         0       482       698         0
       C48         c       137       302         0       470       686         0
       C49         c       284        90         0      1072      1288         0
       C50         c       227       191         0       914      1130         0
       C51         c       209       248         0       965      1181         0
       C52         c       255       333         0       903      1119         0
       C53         c       388        36         0      1324      1540         0
       C54         c       332       137         0      1498      1714         0
       C55         c       340       200         0      1445      1661         0
       C56         c       313       337         0      1478      1694         0
       C57         c       441        70         0      1817      2033         0
       C58         c       403       111         0      1857      2073         0
       C59         c       464       212         0      1772      1988         0
       C60         c       475       330         0      1856      2072         0

Vehicle fuel tank capacity /200.0/
Vehicle load capacity /220/
Fuel consumption rate /1.0/
Inverse refueling rate /0.2/
Average Velocity /1.0/

Vehicle start locations
D1:    5
D2:    0
D3:    5
D4:    0
Vehicle end locations
D1:    0
D2:    1
D3:    0
D4:    1
