  StringID      Type         x         y    demand ReadyTime   DueDateServiceTime
        D1         d         0         0         0         0      1680         0
        D2         d       300         0         0         0      1680         0
        D3         d         0       400         0         0      1680         0
        D4         d       300       400         0         0      1680         0
        S1         f       100         0         0         0      1680         0
        S2         f       200         0         0         0      1680         0
        S3         f         0       100         0         0      1680         0
        S4         f       100       100         0         0      1680         0
        S5         f       200       100         0         0      1680         0
        S6         f       300       100         0         0      1680         0
        S7         f         0       200         0         0      1680         0
        S8         f       100       200         0         0      1680         0
        S9         f       200       200         0         0      1680         0
       S10         f       300       200         0         0      1680         0
       S11         f         0       300         0         0      1680         0
       S12         f       100       300         0         0      1680         0
       S13         f       200       300         0         0      1680         0
       S14         f       300       300         0         0      1680         0
       S15         f       100       400         0         0      1680         0
       S16         f       200       400         0         0      1680         0
        C1         c        98        61         0       149       429         0
        C2         c        79       118         0       277       557         0
        C3         c        69       248         0        11       291         0
        C4         c         6       348         0        93       373         0
        C5         c       138        94         0       787      1067         0
        C6         c       123       157         0       643       923         0
        C7         c       184       254         0       699       979         0
        C8         c       149       302         0       829      1109         0
        C9         c       263        41         0      1369      1649         0
       C10         c       254       198         0      1333      1613         0
       C11         c       246       254         0      1170      1450         0
       C12         c       233       332         0      1243      1523         0
       C13         c        38        98         0       210       490         0
       C14         c        72       195         0        81       361         0
       C15         c        45       264         0        54       334         0
       C16         c        39       311         0       203       483         0
       C17         c       149        99         0       692       972         0
       C18         c       166       162         0       828      1108         0
       C19         c       198       293         0       800      1080         0
       C20         c       119       338         0       777      1057         0
       C21         c       234        90         0      1176      1456         0
       C22         c       288       129         0      1199      1479         0
       C23         c       204       214         0      1320      1600         0
       C24         c       274       352         0      1180      1460         0
       C25         c        48        29         0       214       494         0
       C26         c        54       193         0       275       555         0
       C27         c        35       259         0       202       482         0
       C28         c        27       306         0       226       506         0
       C29         c       109        34         0       787      1067         0
       C30         c       138       162         0       618       898         0
       C31         c       176       277         0       626       906         0
       C32         c       189       303         0       609       889         0
       C33         c       226        83         0      1236      1516         0
       C34         c       287       102         0      1287      1567         0
       C35         c       238       227         0      1178      1458         0
       C36         c       292       355         0      1286      1566         0
       C37         c        78        71         0       176       456         0
       C38         c        67       171         0         1       281         0
       C39         c        57       258         0       208       488         0
       C40         c        15       334         0         6       286         0
       C41         c       182         9         0       799      1079         0
       C42         c       112       112         0       571       851         0
       C43         c       164       253         0       681       961         0
       C44         c       156       395         0       707       987         0
       C45         c       246        63         0      1143      1423         0
       C46         c       264       120         0      1306      1586         0
       C47         c       216       280         0      1269      1549         0
       C48         c       218       303         0      1258      1538         0
       C49         c        29         6         0        52       332         0
       C50         c        36       177         0        87       367         0
       C51         c        80       213         0        74       354         0
       C52         c        96       310         0       143       423         0
       C53         c       155        39         0       671       951         0
       C54         c       135       114         0       739      1019         0
       C55         c       188       223         0       672       952         0
       C56         c       185       394         0       590       870         0
       C57         c       244        95         0      1344      1624         0
       C58         c       277       119         0      1378      1658         0
       C59         c       217       292         0      1386      1666         0
       C60         c       284       383         0      1213      1493         0

Vehicle fuel tank capacity /200.0/
Vehicle load capacity /220/
Fuel consumption rate /1.0/
Inverse refueling rate /0.2/
Average Velocity /1.0/

Vehicle start locations
D1:    5
D2:    0
D3:    5
D4:    0
Vehicle end locations
D1:    0
D2:    1
D3:    0
D4:    1
