  StringID      Type         x         y    demand ReadyTime   DueDateServiceTime
        D1         d         0         0         0         0      2160         0
        D2         d       500         0         0         0      2160         0
        D3         d         0       400         0         0      2160         0
        D4         d       500       400         0         0      2160         0
        S1         f       100         0         0         0      2160         0
        S2         f       200         0         0         0      2160         0
        S3         f       300         0         0         0      2160         0
        S4         f       400         0         0         0      2160         0
        S5         f         0       100         0         0      2160         0
        S6         f       100       100         0         0      2160         0
        S7         f       200       100         0         0      2160         0
        S8         f       300       100         0         0      2160         0
        S9         f       400       100         0         0      2160         0
       S10         f       500       100         0         0      2160         0
       S11         f         0       200         0         0      2160         0
       S12         f       100       200         0         0      2160         0
       S13         f       200       200         0         0      2160         0
       S14         f       300       200         0         0      2160         0
       S15         f       400       200         0         0      2160         0
       S16         f       500       200         0         0      2160         0
       S17         f         0       300         0         0      2160         0
       S18         f       100       300         0         0      2160         0
       S19         f       200       300         0         0      2160         0
       S20         f       300       300         0         0      2160         0
       S21         f       400       300         0         0      2160         0
       S22         f       500       300         0         0      2160         0
       S23         f       100       400         0         0      2160         0
       S24         f       200       400         0         0      2160         0
       S25         f       300       400         0         0      2160         0
       S26         f       400       400         0         0      2160         0
        C1         c        68        27         0         3       219         0
        C2         c        18       112         0        15       231         0
        C3         c        48       277         0        78       294         0
        C4         c        44       313         0        73       289         0
        C5         c       113        64         0       496       712         0
        C6         c       190       101         0       548       764         0
        C7         c       157       202         0       566       782         0
        C8         c       193       399         0       615       831         0
        C9         c       206        55         0       931      1147         0
       C10         c       290       164         0       978      1194         0
       C11         c       243       280         0       919      1135         0
       C12         c       217       330         0       875      1091         0
       C13         c       360        18         0      1467      1683         0
       C14         c       310       124         0      1303      1519         0
       C15         c       307       258         0      1490      1706         0
       C16         c       306       398         0      1415      1631         0
       C17         c       480        90         0      1800      2016         0
       C18         c       464       141         0      1773      1989         0
       C19         c       431       290         0      1756      1972         0
       C20         c       489       342         0      1823      2039         0
       C21         c        44         8         0        60       276         0
       C22         c        18       146         0        90       306         0
       C23         c         6       291         0       149       365         0
       C24         c        63       309         0       176       392         0
       C25         c       143         6         0       580       796         0
       C26         c       167       168         0       558       774         0
       C27         c       168       260         0       577       793         0
       C28         c       120       359         0       514       730         0
       C29         c       267        94         0       897      1113         0
       C30         c       289       124         0      1012      1228         0
       C31         c       269       279         0       902      1118         0
       C32         c       213       358         0       983      1199         0
       C33         c       332        66         0      1406      1622         0
       C34         c       399       144         0      1457      1673         0
       C35         c       327       289         0      1420      1636         0
       C36         c       300       390         0      1389      1605         0
       C37         c       417        84         0      1845      2061         0
       C38         c       482       107         0      1811      2027         0
       C39         c       435       263         0      1730      1946         0
       C40         c       402       307         0      1933      2149         0
       C41         c        47        95         0       189       405         0
       C42         c        31       118         0        80       296         0
       C43         c        93       286         0        76       292         0
       C44         c        97       383         0         1       217         0
       C45         c       193        44         0       529       745         0
       C46         c       165       127         0       578       794         0
       C47         c       128       290         0       498       714         0
       C48         c       143       332         0       507       723         0
       C49         c       245        27         0       885      1101         0
       C50         c       247       197         0       987      1203         0
       C51         c       247       293         0       982      1198         0
       C52         c       282       385         0       892      1108         0
       C53         c       307        29         0      1426      1642         0
       C54         c       382       191         0      1485      1701         0
       C55         c       375       292         0      1298      1514         0
       C56         c       367       315         0      1333      1549         0
       C57         c       418        55         0      1920      2136         0
       C58         c       429       184         0      1731      1947         0
       C59         c       420       263         0      1840      2056         0
       C60         c       454       394         0      1740      1956         0

Vehicle fuel tank capacity /200.0/
Vehicle load capacity /230/
Fuel consumption rate /1.0/
Inverse refueling rate /0.2/
Average Velocity /1.0/

Vehicle start locations
D1:    5
D2:    0
D3:    5
D4:    0
Vehicle end locations
D1:    0
D2:    1
D3:    0
D4:    1
