  StringID      Type         x         y    demand ReadyTime   DueDateServiceTime
        D1         d         0         0         0         0      1680         0
        D2         d       300         0         0         0      1680         0
        D3         d         0       400         0         0      1680         0
        D4         d       300       400         0         0      1680         0
        S1         f       100         0         0         0      1680         0
        S2         f       200         0         0         0      1680         0
        S3         f         0       100         0         0      1680         0
        S4         f       100       100         0         0      1680         0
        S5         f       200       100         0         0      1680         0
        S6         f       300       100         0         0      1680         0
        S7         f         0       200         0         0      1680         0
        S8         f       100       200         0         0      1680         0
        S9         f       200       200         0         0      1680         0
       S10         f       300       200         0         0      1680         0
       S11         f         0       300         0         0      1680         0
       S12         f       100       300         0         0      1680         0
       S13         f       200       300         0         0      1680         0
       S14         f       300       300         0         0      1680         0
       S15         f       100       400         0         0      1680         0
       S16         f       200       400         0         0      1680         0
        C1         c        25        76         0         0       560         0
        C2         c        66       135         0         0       560         0
        C3         c        13       284         0         0       560         0
        C4         c        30       344         0         0       560         0
        C5         c       176        67         0       560      1120         0
        C6         c       114       192         0       560      1120         0
        C7         c       108       257         0       560      1120         0
        C8         c       177       303         0       560      1120         0
        C9         c       234        43         0      1120      1680         0
       C10         c       273       117         0      1120      1680         0
       C11         c       235       204         0      1120      1680         0
       C12         c       267       330         0      1120      1680         0
       C13         c        49        19         0         0       560         0
       C14         c        25       167         0         0       560         0
       C15         c        60       240         0         0       560         0
       C16         c        62       332         0         0       560         0
       C17         c       139        50         0       560      1120         0
       C18         c       113       146         0       560      1120         0
       C19         c       118       246         0       560      1120         0
       C20         c       115       368         0       560      1120         0
       C21         c       298        73         0      1120      1680         0
       C22         c       299       179         0      1120      1680         0
       C23         c       264       210         0      1120      1680         0
       C24         c       281       365         0      1120      1680         0
       C25         c        52        69         0         0       560         0
       C26         c         1       123         0         0       560         0
       C27         c        47       226         0         0       560         0
       C28         c        74       322         0         0       560         0
       C29         c       131        94         0       560      1120         0
       C30         c       193       116         0       560      1120         0
       C31         c       119       222         0       560      1120         0
       C32         c       149       342         0       560      1120         0
       C33         c       293        25         0      1120      1680         0
       C34         c       292       153         0      1120      1680         0
       C35         c       283       235         0      1120      1680         0
       C36         c       297       359         0      1120      1680         0
       C37         c        80        66         0         0       560         0
       C38         c        52       131         0         0       560         0
       C39         c        26       227         0         0       560         0
       C40         c        95       335         0         0       560         0
       C41         c       178         8         0       560      1120         0
       C42         c       170       190         0       560      1120         0
       C43         c       139       281         0       560      1120         0
       C44         c       134       361         0       560      1120         0
       C45         c       222        54         0      1120      1680         0
       C46         c       298       129         0      1120      1680         0
       C47         c       265       271         0      1120      1680         0
       C48         c       281       375         0      1120      1680         0
       C49         c        19        36         0         0       560         0
       C50         c        97       120         0         0       560         0
       C51         c        12       202         0         0       560         0
       C52         c        82       329         0         0       560         0
       C53         c       183        78         0       560      1120         0
       C54         c       146       159         0       560      1120         0
       C55         c       120       282         0       560      1120         0
       C56         c       118       386         0       560      1120         0
       C57         c       281        21         0      1120      1680         0
       C58         c       277       132         0      1120      1680         0
       C59         c       279       284         0      1120      1680         0
       C60         c       202       395         0      1120      1680         0

Vehicle fuel tank capacity /200.0/
Vehicle load capacity /250/
Fuel consumption rate /1.0/
Inverse refueling rate /0.2/
Average Velocity /1.0/

Vehicle start locations
D1:    5
D2:    0
D3:    5
D4:    0
Vehicle end locations
D1:    0
D2:    1
D3:    0
D4:    1
