  StringID      Type         x         y    demand ReadyTime   DueDateServiceTime
        D1         d         0         0         0         0      1680         0
        D2         d       300         0         0         0      1680         0
        D3         d         0       400         0         0      1680         0
        D4         d       300       400         0         0      1680         0
        S1         f       100         0         0         0      1680         0
        S2         f       200         0         0         0      1680         0
        S3         f         0       100         0         0      1680         0
        S4         f       100       100         0         0      1680         0
        S5         f       200       100         0         0      1680         0
        S6         f       300       100         0         0      1680         0
        S7         f         0       200         0         0      1680         0
        S8         f       100       200         0         0      1680         0
        S9         f       200       200         0         0      1680         0
       S10         f       300       200         0         0      1680         0
       S11         f         0       300         0         0      1680         0
       S12         f       100       300         0         0      1680         0
       S13         f       200       300         0         0      1680         0
       S14         f       300       300         0         0      1680         0
       S15         f       100       400         0         0      1680         0
       S16         f       200       400         0         0      1680         0
        C1         c        31        93         0         4       284         0
        C2         c        44       119         0        19       299         0
        C3         c        35       224         0       101       381         0
        C4         c        85       317         0        95       375         0
        C5         c       187        47         0       644       924         0
        C6         c       174       170         0       711       991         0
        C7         c       147       297         0       733      1013         0
        C8         c       125       345         0       797      1077         0
        C9         c       265        20         0      1213      1493         0
       C10         c       251       107         0      1179      1459         0
       C11         c       257       289         0      1156      1436         0
       C12         c       254       392         0      1243      1523         0
       C13         c        71        40         0        79       359         0
       C14         c        57       160         0       117       397         0
       C15         c        64       253         0       194       474         0
       C16         c        55       378         0       228       508         0
       C17         c       163        20         0       753      1033         0
       C18         c       111       181         0       724      1004         0
       C19         c       156       276         0       748      1028         0
       C20         c       136       346         0       666       946         0
       C21         c       253        91         0      1272      1552         0
       C22         c       288       196         0      1228      1508         0
       C23         c       260       201         0      1123      1403         0
       C24         c       218       371         0      1386      1666         0
       C25         c        89        81         0       245       525         0
       C26         c        35       179         0       104       384         0
       C27         c        84       234         0        99       379         0
       C28         c         7       313         0         1       281         0
       C29         c       135        91         0       686       966         0
       C30         c       147       131         0       749      1029         0
       C31         c       142       211         0       645       925         0
       C32         c       123       321         0       658       938         0
       C33         c       220        82         0      1370      1650         0
       C34         c       287       139         0      1124      1404         0
       C35         c       226       273         0      1266      1546         0
       C36         c       275       304         0      1135      1415         0
       C37         c        32        54         0       167       447         0
       C38         c        17       122         0        29       309         0
       C39         c        95       205         0        42       322         0
       C40         c        24       315         0        43       323         0
       C41         c       182        20         0       759      1039         0
       C42         c       107       143         0       580       860         0
       C43         c       129       284         0       779      1059         0
       C44         c       125       310         0       834      1114         0
       C45         c       291        80         0      1179      1459         0
       C46         c       230       140         0      1212      1492         0
       C47         c       255       211         0      1121      1401         0
       C48         c       265       376         0      1365      1645         0
       C49         c        77        81         0       257       537         0
       C50         c        74       113         0        20       300         0
       C51         c        72       224         0       179       459         0
       C52         c        45       303         0        60       340         0
       C53         c       124        75         0       660       940         0
       C54         c       104       169         0       792      1072         0
       C55         c       182       242         0       656       936         0
       C56         c       191       362         0       825      1105         0
       C57         c       231        84         0      1388      1668         0
       C58         c       232       112         0      1169      1449         0
       C59         c       226       289         0      1390      1670         0
       C60         c       217       324         0      1227      1507         0

Vehicle fuel tank capacity /200.0/
Vehicle load capacity /230/
Fuel consumption rate /1.0/
Inverse refueling rate /0.2/
Average Velocity /1.0/

Vehicle start locations
D1:    5
D2:    0
D3:    5
D4:    0
Vehicle end locations
D1:    0
D2:    1
D3:    0
D4:    1
