  StringID      Type         x         y    demand ReadyTime   DueDateServiceTime
        D1         d         0         0         0         0      1680         0
        D2         d       300         0         0         0      1680         0
        D3         d         0       400         0         0      1680         0
        D4         d       300       400         0         0      1680         0
        S1         f       100         0         0         0      1680         0
        S2         f       200         0         0         0      1680         0
        S3         f         0       100         0         0      1680         0
        S4         f       100       100         0         0      1680         0
        S5         f       200       100         0         0      1680         0
        S6         f       300       100         0         0      1680         0
        S7         f         0       200         0         0      1680         0
        S8         f       100       200         0         0      1680         0
        S9         f       200       200         0         0      1680         0
       S10         f       300       200         0         0      1680         0
       S11         f         0       300         0         0      1680         0
       S12         f       100       300         0         0      1680         0
       S13         f       200       300         0         0      1680         0
       S14         f       300       300         0         0      1680         0
       S15         f       100       400         0         0      1680         0
       S16         f       200       400         0         0      1680         0
        C1         c        31        93         0         0       560         0
        C2         c        44       119         0         0       560         0
        C3         c        35       224         0         0       560         0
        C4         c        85       317         0         0       560         0
        C5         c       187        47         0       560      1120         0
        C6         c       174       170         0       560      1120         0
        C7         c       147       297         0       560      1120         0
        C8         c       125       345         0       560      1120         0
        C9         c       265        20         0      1120      1680         0
       C10         c       251       107         0      1120      1680         0
       C11         c       257       289         0      1120      1680         0
       C12         c       254       392         0      1120      1680         0
       C13         c        71        40         0         0       560         0
       C14         c        57       160         0         0       560         0
       C15         c        64       253         0         0       560         0
       C16         c        55       378         0         0       560         0
       C17         c       163        20         0       560      1120         0
       C18         c       111       181         0       560      1120         0
       C19         c       156       276         0       560      1120         0
       C20         c       136       346         0       560      1120         0
       C21         c       253        91         0      1120      1680         0
       C22         c       288       196         0      1120      1680         0
       C23         c       260       201         0      1120      1680         0
       C24         c       218       371         0      1120      1680         0
       C25         c        89        81         0         0       560         0
       C26         c        35       179         0         0       560         0
       C27         c        84       234         0         0       560         0
       C28         c         7       313         0         0       560         0
       C29         c       135        91         0       560      1120         0
       C30         c       147       131         0       560      1120         0
       C31         c       142       211         0       560      1120         0
       C32         c       123       321         0       560      1120         0
       C33         c       220        82         0      1120      1680         0
       C34         c       287       139         0      1120      1680         0
       C35         c       226       273         0      1120      1680         0
       C36         c       275       304         0      1120      1680         0
       C37         c        32        54         0         0       560         0
       C38         c        17       122         0         0       560         0
       C39         c        95       205         0         0       560         0
       C40         c        24       315         0         0       560         0
       C41         c       182        20         0       560      1120         0
       C42         c       107       143         0       560      1120         0
       C43         c       129       284         0       560      1120         0
       C44         c       125       310         0       560      1120         0
       C45         c       291        80         0      1120      1680         0
       C46         c       230       140         0      1120      1680         0
       C47         c       255       211         0      1120      1680         0
       C48         c       265       376         0      1120      1680         0
       C49         c        77        81         0         0       560         0
       C50         c        74       113         0         0       560         0
       C51         c        72       224         0         0       560         0
       C52         c        45       303         0         0       560         0
       C53         c       124        75         0       560      1120         0
       C54         c       104       169         0       560      1120         0
       C55         c       182       242         0       560      1120         0
       C56         c       191       362         0       560      1120         0
       C57         c       231        84         0      1120      1680         0
       C58         c       232       112         0      1120      1680         0
       C59         c       226       289         0      1120      1680         0
       C60         c       217       324         0      1120      1680         0

Vehicle fuel tank capacity /200.0/
Vehicle load capacity /230/
Fuel consumption rate /1.0/
Inverse refueling rate /0.2/
Average Velocity /1.0/

Vehicle start locations
D1:    5
D2:    0
D3:    5
D4:    0
Vehicle end locations
D1:    0
D2:    1
D3:    0
D4:    1
