  StringID      Type         x         y    demand ReadyTime   DueDateServiceTime
        D1         d         0         0         0         0      1920         0
        D2         d       400         0         0         0      1920         0
        D3         d         0       400         0         0      1920         0
        D4         d       400       400         0         0      1920         0
        S1         f       100         0         0         0      1920         0
        S2         f       200         0         0         0      1920         0
        S3         f       300         0         0         0      1920         0
        S4         f         0       100         0         0      1920         0
        S5         f       100       100         0         0      1920         0
        S6         f       200       100         0         0      1920         0
        S7         f       300       100         0         0      1920         0
        S8         f       400       100         0         0      1920         0
        S9         f         0       200         0         0      1920         0
       S10         f       100       200         0         0      1920         0
       S11         f       200       200         0         0      1920         0
       S12         f       300       200         0         0      1920         0
       S13         f       400       200         0         0      1920         0
       S14         f         0       300         0         0      1920         0
       S15         f       100       300         0         0      1920         0
       S16         f       200       300         0         0      1920         0
       S17         f       300       300         0         0      1920         0
       S18         f       400       300         0         0      1920         0
       S19         f       100       400         0         0      1920         0
       S20         f       200       400         0         0      1920         0
       S21         f       300       400         0         0      1920         0
        C1         c        52        14         0       126       366         0
        C2         c        74       111         0       104       344         0
        C3         c        35       261         0       201       441         0
        C4         c        38       357         0       201       441         0
        C5         c       147        48         0       647       887         0
        C6         c       129       112         0       719       959         0
        C7         c       100       221         0       499       739         0
        C8         c       188       353         0       627       867         0
        C9         c       283        37         0      1191      1431         0
       C10         c       254       195         0      1100      1340         0
       C11         c       256       267         0      1114      1354         0
       C12         c       268       343         0      1007      1247         0
       C13         c       361        42         0      1566      1806         0
       C14         c       351       131         0      1515      1755         0
       C15         c       317       224         0      1618      1858         0
       C16         c       362       341         0      1518      1758         0
       C17         c        68        80         0       116       356         0
       C18         c        72       148         0        20       260         0
       C19         c        75       255         0       128       368         0
       C20         c        81       319         0       160       400         0
       C21         c       101        70         0       653       893         0
       C22         c       153       180         0       647       887         0
       C23         c       154       241         0       538       778         0
       C24         c       149       382         0       685       925         0
       C25         c       256        20         0      1169      1409         0
       C26         c       280       197         0      1092      1332         0
       C27         c       246       272         0       995      1235         0
       C28         c       223       354         0      1130      1370         0
       C29         c       384        86         0      1677      1917         0
       C30         c       381       159         0      1466      1706         0
       C31         c       307       288         0      1591      1831         0
       C32         c       319       317         0      1673      1913         0
       C33         c        80        77         0       189       429         0
       C34         c        62       191         0       224       464         0
       C35         c        90       224         0       233       473         0
       C36         c        18       370         0       132       372         0
       C37         c       151        69         0       639       879         0
       C38         c       108       158         0       667       907         0
       C39         c       163       208         0       621       861         0
       C40         c       116       350         0       521       761         0
       C41         c       296        21         0      1104      1344         0
       C42         c       223       101         0       969      1209         0
       C43         c       214       295         0       975      1215         0
       C44         c       285       387         0      1120      1360         0
       C45         c       325        66         0      1612      1852         0
       C46         c       329       189         0      1570      1810         0
       C47         c       358       243         0      1449      1689         0
       C48         c       380       398         0      1530      1770         0
       C49         c        64        30         0       110       350         0
       C50         c        38       181         0        16       256         0
       C51         c        47       272         0       104       344         0
       C52         c        47       324         0       136       376         0
       C53         c       133        70         0       542       782         0
       C54         c       116       118         0       578       818         0
       C55         c       113       262         0       602       842         0
       C56         c       125       305         0       716       956         0
       C57         c       213        33         0      1152      1392         0
       C58         c       213       171         0      1081      1321         0
       C59         c       203       289         0      1162      1402         0
       C60         c       260       367         0      1019      1259         0
       C61         c       356        31         0      1534      1774         0
       C62         c       389       193         0      1560      1800         0
       C63         c       384       262         0      1675      1915         0
       C64         c       332       337         0      1639      1879         0

Vehicle fuel tank capacity /200.0/
Vehicle load capacity /270/
Fuel consumption rate /1.0/
Inverse refueling rate /0.2/
Average Velocity /1.0/

Vehicle start locations
D1:    5
D2:    0
D3:    5
D4:    0
Vehicle end locations
D1:    0
D2:    1
D3:    0
D4:    1
