  StringID      Type         x         y    demand ReadyTime   DueDateServiceTime
        D1         d         0         0         0         0      1920         0
        D2         d       400         0         0         0      1920         0
        D3         d         0       400         0         0      1920         0
        D4         d       400       400         0         0      1920         0
        S1         f       100         0         0         0      1920         0
        S2         f       200         0         0         0      1920         0
        S3         f       300         0         0         0      1920         0
        S4         f         0       100         0         0      1920         0
        S5         f       100       100         0         0      1920         0
        S6         f       200       100         0         0      1920         0
        S7         f       300       100         0         0      1920         0
        S8         f       400       100         0         0      1920         0
        S9         f         0       200         0         0      1920         0
       S10         f       100       200         0         0      1920         0
       S11         f       200       200         0         0      1920         0
       S12         f       300       200         0         0      1920         0
       S13         f       400       200         0         0      1920         0
       S14         f         0       300         0         0      1920         0
       S15         f       100       300         0         0      1920         0
       S16         f       200       300         0         0      1920         0
       S17         f       300       300         0         0      1920         0
       S18         f       400       300         0         0      1920         0
       S19         f       100       400         0         0      1920         0
       S20         f       200       400         0         0      1920         0
       S21         f       300       400         0         0      1920         0
        C1         c        18        36         0       128       368         0
        C2         c        83       175         0       238       478         0
        C3         c        69       280         0         9       249         0
        C4         c        74       304         0        80       320         0
        C5         c       197        43         0       674       914         0
        C6         c       129       199         0       551       791         0
        C7         c       183       243         0       599       839         0
        C8         c       109       321         0       711       951         0
        C9         c       229        13         0      1011      1251         0
       C10         c       210       135         0      1111      1351         0
       C11         c       277       291         0      1018      1258         0
       C12         c       253       360         0       987      1227         0
       C13         c       398        92         0      1648      1888         0
       C14         c       369       143         0      1610      1850         0
       C15         c       328       252         0      1589      1829         0
       C16         c       308       310         0      1635      1875         0
       C17         c         6        32         0       180       420         0
       C18         c        60       121         0        69       309         0
       C19         c        27       250         0        46       286         0
       C20         c        69       358         0       174       414         0
       C21         c       158        48         0       593       833         0
       C22         c       114       171         0       709       949         0
       C23         c       107       243         0       686       926         0
       C24         c       100       381         0       666       906         0
       C25         c       261        78         0      1158      1398         0
       C26         c       232       157         0       982      1222         0
       C27         c       211       245         0      1012      1252         0
       C28         c       282       356         0      1198      1438         0
       C29         c       357        11         0      1661      1901         0
       C30         c       398       125         0      1596      1836         0
       C31         c       308       263         0      1448      1688         0
       C32         c       368       384         0      1501      1741         0
       C33         c        31        29         0       183       423         0
       C34         c        30       183         0       235       475         0
       C35         c         3       259         0       173       413         0
       C36         c        74       328         0       194       434         0
       C37         c       170        30         0       675       915         0
       C38         c       103       102         0       530       770         0
       C39         c       130       255         0       536       776         0
       C40         c       162       364         0       522       762         0
       C41         c       223        34         0      1191      1431         0
       C42         c       270       100         0      1016      1256         0
       C43         c       240       236         0      1073      1313         0
       C44         c       217       376         0      1004      1244         0
       C45         c       397        61         0      1471      1711         0
       C46         c       396       158         0      1665      1905         0
       C47         c       326       212         0      1606      1846         0
       C48         c       399       347         0      1642      1882         0
       C49         c        65        32         0       151       391         0
       C50         c        10       112         0         1       241         0
       C51         c        39       252         0       179       419         0
       C52         c         0       318         0         5       245         0
       C53         c       139        82         0       685       925         0
       C54         c       155       130         0       489       729         0
       C55         c       137       234         0       584       824         0
       C56         c       144       365         0       606       846         0
       C57         c       246         2         0       964      1204         0
       C58         c       246       195         0       980      1220         0
       C59         c       282       279         0      1092      1332         0
       C60         c       277       345         0       978      1218         0
       C61         c       300        97         0      1657      1897         0
       C62         c       348       186         0      1655      1895         0
       C63         c       305       293         0      1472      1712         0
       C64         c       360       358         0      1678      1918         0

Vehicle fuel tank capacity /200.0/
Vehicle load capacity /230/
Fuel consumption rate /1.0/
Inverse refueling rate /0.2/
Average Velocity /1.0/

Vehicle start locations
D1:    5
D2:    0
D3:    5
D4:    0
Vehicle end locations
D1:    0
D2:    1
D3:    0
D4:    1
