  StringID      Type         x         y    demand ReadyTime   DueDateServiceTime
        D1         d         0         0         0         0      1920         0
        D2         d       400         0         0         0      1920         0
        D3         d         0       400         0         0      1920         0
        D4         d       400       400         0         0      1920         0
        S1         f       100         0         0         0      1920         0
        S2         f       200         0         0         0      1920         0
        S3         f       300         0         0         0      1920         0
        S4         f         0       100         0         0      1920         0
        S5         f       100       100         0         0      1920         0
        S6         f       200       100         0         0      1920         0
        S7         f       300       100         0         0      1920         0
        S8         f       400       100         0         0      1920         0
        S9         f         0       200         0         0      1920         0
       S10         f       100       200         0         0      1920         0
       S11         f       200       200         0         0      1920         0
       S12         f       300       200         0         0      1920         0
       S13         f       400       200         0         0      1920         0
       S14         f         0       300         0         0      1920         0
       S15         f       100       300         0         0      1920         0
       S16         f       200       300         0         0      1920         0
       S17         f       300       300         0         0      1920         0
       S18         f       400       300         0         0      1920         0
       S19         f       100       400         0         0      1920         0
       S20         f       200       400         0         0      1920         0
       S21         f       300       400         0         0      1920         0
        C1         c        85         0         0       120       360         0
        C2         c        87       130         0       148       388         0
        C3         c        20       243         0       102       342         0
        C4         c         1       342         0       106       346         0
        C5         c       100        70         0       594       834         0
        C6         c       130       134         0       669       909         0
        C7         c       163       233         0       510       750         0
        C8         c       105       376         0       512       752         0
        C9         c       295        33         0      1184      1424         0
       C10         c       269       136         0      1188      1428         0
       C11         c       219       278         0      1056      1296         0
       C12         c       289       362         0      1086      1326         0
       C13         c       350        83         0      1442      1682         0
       C14         c       348       126         0      1620      1860         0
       C15         c       349       212         0      1469      1709         0
       C16         c       336       344         0      1461      1701         0
       C17         c         3        18         0       166       406         0
       C18         c        82       157         0       228       468         0
       C19         c        27       201         0       185       425         0
       C20         c        76       369         0       201       441         0
       C21         c       103        57         0       563       803         0
       C22         c       163       187         0       687       927         0
       C23         c       108       285         0       644       884         0
       C24         c       195       359         0       523       763         0
       C25         c       283        63         0      1024      1264         0
       C26         c       213       195         0      1151      1391         0
       C27         c       299       267         0      1116      1356         0
       C28         c       232       362         0       988      1228         0
       C29         c       364        91         0      1675      1915         0
       C30         c       393       106         0      1668      1908         0
       C31         c       340       232         0      1640      1880         0
       C32         c       329       379         0      1483      1723         0
       C33         c        17         5         0       129       369         0
       C34         c        51       151         0       161       401         0
       C35         c        24       263         0       168       408         0
       C36         c        26       372         0       110       350         0
       C37         c       172        94         0       541       781         0
       C38         c       169       147         0       498       738         0
       C39         c       181       224         0       716       956         0
       C40         c       137       312         0       694       934         0
       C41         c       249        88         0      1133      1373         0
       C42         c       208       148         0       974      1214         0
       C43         c       203       235         0      1172      1412         0
       C44         c       263       307         0      1021      1261         0
       C45         c       387         2         0      1458      1698         0
       C46         c       325       108         0      1533      1773         0
       C47         c       378       245         0      1447      1687         0
       C48         c       366       329         0      1498      1738         0
       C49         c        65        24         0       112       352         0
       C50         c         1       102         0       212       452         0
       C51         c        58       270         0       202       442         0
       C52         c        94       394         0       103       343         0
       C53         c       141        67         0       626       866         0
       C54         c       174       168         0       484       724         0
       C55         c       147       289         0       696       936         0
       C56         c       152       386         0       617       857         0
       C57         c       211        41         0      1034      1274         0
       C58         c       258       167         0      1087      1327         0
       C59         c       223       292         0      1064      1304         0
       C60         c       229       334         0       988      1228         0
       C61         c       389        93         0      1482      1722         0
       C62         c       349       156         0      1640      1880         0
       C63         c       380       224         0      1496      1736         0
       C64         c       366       354         0      1649      1889         0

Vehicle fuel tank capacity /200.0/
Vehicle load capacity /270/
Fuel consumption rate /1.0/
Inverse refueling rate /0.2/
Average Velocity /1.0/

Vehicle start locations
D1:    5
D2:    0
D3:    5
D4:    0
Vehicle end locations
D1:    0
D2:    1
D3:    0
D4:    1
