  StringID      Type         x         y    demand ReadyTime   DueDateServiceTime
        D1         d         0         0         0         0      1920         0
        D2         d       400         0         0         0      1920         0
        D3         d         0       400         0         0      1920         0
        D4         d       400       400         0         0      1920         0
        S1         f       100         0         0         0      1920         0
        S2         f       200         0         0         0      1920         0
        S3         f       300         0         0         0      1920         0
        S4         f         0       100         0         0      1920         0
        S5         f       100       100         0         0      1920         0
        S6         f       200       100         0         0      1920         0
        S7         f       300       100         0         0      1920         0
        S8         f       400       100         0         0      1920         0
        S9         f         0       200         0         0      1920         0
       S10         f       100       200         0         0      1920         0
       S11         f       200       200         0         0      1920         0
       S12         f       300       200         0         0      1920         0
       S13         f       400       200         0         0      1920         0
       S14         f         0       300         0         0      1920         0
       S15         f       100       300         0         0      1920         0
       S16         f       200       300         0         0      1920         0
       S17         f       300       300         0         0      1920         0
       S18         f       400       300         0         0      1920         0
       S19         f       100       400         0         0      1920         0
       S20         f       200       400         0         0      1920         0
       S21         f       300       400         0         0      1920         0
        C1         c        37        45         0         3       243         0
        C2         c         1       181         0        16       256         0
        C3         c        76       282         0        86       326         0
        C4         c        70       365         0        81       321         0
        C5         c       126        44         0       552       792         0
        C6         c       118       197         0       609       849         0
        C7         c       181       278         0       629       869         0
        C8         c       122       318         0       683       923         0
        C9         c       248        67         0      1034      1274         0
       C10         c       297       124         0      1087      1327         0
       C11         c       282       265         0      1022      1262         0
       C12         c       224       368         0       972      1212         0
       C13         c       331        35         0      1630      1870         0
       C14         c       351       176         0      1448      1688         0
       C15         c       367       242         0      1656      1896         0
       C16         c       364       337         0      1572      1812         0
       C17         c        59        11         0        67       307         0
       C18         c        42       149         0       100       340         0
       C19         c        22       268         0       166       406         0
       C20         c         7       341         0       196       436         0
       C21         c       168        54         0       645       885         0
       C22         c       147       124         0       620       860         0
       C23         c       101       219         0       641       881         0
       C24         c       146       397         0       571       811         0
       C25         c       215        79         0       997      1237         0
       C26         c       217       139         0      1124      1364         0
       C27         c       278       278         0      1002      1242         0
       C28         c       200       367         0      1092      1332         0
       C29         c       326        90         0      1563      1803         0
       C30         c       348       102         0      1619      1859         0
       C31         c       386       250         0      1578      1818         0
       C32         c       377       362         0      1543      1783         0
       C33         c        30        85         0       210       450         0
       C34         c        79       116         0        89       329         0
       C35         c        40       296         0        85       325         0
       C36         c        51       352         0         1       241         0
       C37         c       168        72         0       588       828         0
       C38         c       193       100         0       642       882         0
       C39         c       114       212         0       553       793         0
       C40         c       144       318         0       564       804         0
       C41         c       221        10         0       983      1223         0
       C42         c       221       105         0      1096      1336         0
       C43         c       287       204         0      1091      1331         0
       C44         c       216       394         0       991      1231         0
       C45         c       390        34         0      1585      1825         0
       C46         c       337       144         0      1650      1890         0
       C47         c       310       258         0      1442      1682         0
       C48         c       351       316         0      1481      1721         0
       C49         c        45         4         0       143       383         0
       C50         c         4       130         0        24       264         0
       C51         c        61       279         0        36       276         0
       C52         c        32       311         0        37       277         0
       C53         c       176         1         0       651       891         0
       C54         c       134       168         0       497       737         0
       C55         c       177       229         0       668       908         0
       C56         c       116       358         0       715       955         0
       C57         c       270        20         0      1184      1424         0
       C58         c       293       188         0       977      1217         0
       C59         c       219       259         0      1162      1402         0
       C60         c       285       361         0      1174      1414         0
       C61         c       310        90         0      1575      1815         0
       C62         c       316       187         0      1511      1751         0
       C63         c       396       261         0      1644      1884         0
       C64         c       312       385         0      1651      1891         0

Vehicle fuel tank capacity /200.0/
Vehicle load capacity /240/
Fuel consumption rate /1.0/
Inverse refueling rate /0.2/
Average Velocity /1.0/

Vehicle start locations
D1:    5
D2:    0
D3:    5
D4:    0
Vehicle end locations
D1:    0
D2:    1
D3:    0
D4:    1
