  StringID      Type         x         y    demand ReadyTime   DueDateServiceTime
        D1         d         0         0         0         0      1920         0
        D2         d       400         0         0         0      1920         0
        D3         d         0       400         0         0      1920         0
        D4         d       400       400         0         0      1920         0
        S1         f       100         0         0         0      1920         0
        S2         f       200         0         0         0      1920         0
        S3         f       300         0         0         0      1920         0
        S4         f         0       100         0         0      1920         0
        S5         f       100       100         0         0      1920         0
        S6         f       200       100         0         0      1920         0
        S7         f       300       100         0         0      1920         0
        S8         f       400       100         0         0      1920         0
        S9         f         0       200         0         0      1920         0
       S10         f       100       200         0         0      1920         0
       S11         f       200       200         0         0      1920         0
       S12         f       300       200         0         0      1920         0
       S13         f       400       200         0         0      1920         0
       S14         f         0       300         0         0      1920         0
       S15         f       100       300         0         0      1920         0
       S16         f       200       300         0         0      1920         0
       S17         f       300       300         0         0      1920         0
       S18         f       400       300         0         0      1920         0
       S19         f       100       400         0         0      1920         0
       S20         f       200       400         0         0      1920         0
       S21         f       300       400         0         0      1920         0
        C1         c        18        36         0         0       480         0
        C2         c        83       175         0         0       480         0
        C3         c        69       280         0         0       480         0
        C4         c        74       304         0         0       480         0
        C5         c       197        43         0       480       960         0
        C6         c       129       199         0       480       960         0
        C7         c       183       243         0       480       960         0
        C8         c       109       321         0       480       960         0
        C9         c       229        13         0       960      1440         0
       C10         c       210       135         0       960      1440         0
       C11         c       277       291         0       960      1440         0
       C12         c       253       360         0       960      1440         0
       C13         c       398        92         0      1440      1920         0
       C14         c       369       143         0      1440      1920         0
       C15         c       328       252         0      1440      1920         0
       C16         c       308       310         0      1440      1920         0
       C17         c         6        32         0         0       480         0
       C18         c        60       121         0         0       480         0
       C19         c        27       250         0         0       480         0
       C20         c        69       358         0         0       480         0
       C21         c       158        48         0       480       960         0
       C22         c       114       171         0       480       960         0
       C23         c       107       243         0       480       960         0
       C24         c       100       381         0       480       960         0
       C25         c       261        78         0       960      1440         0
       C26         c       232       157         0       960      1440         0
       C27         c       211       245         0       960      1440         0
       C28         c       282       356         0       960      1440         0
       C29         c       357        11         0      1440      1920         0
       C30         c       398       125         0      1440      1920         0
       C31         c       308       263         0      1440      1920         0
       C32         c       368       384         0      1440      1920         0
       C33         c        31        29         0         0       480         0
       C34         c        30       183         0         0       480         0
       C35         c         3       259         0         0       480         0
       C36         c        74       328         0         0       480         0
       C37         c       170        30         0       480       960         0
       C38         c       103       102         0       480       960         0
       C39         c       130       255         0       480       960         0
       C40         c       162       364         0       480       960         0
       C41         c       223        34         0       960      1440         0
       C42         c       270       100         0       960      1440         0
       C43         c       240       236         0       960      1440         0
       C44         c       217       376         0       960      1440         0
       C45         c       397        61         0      1440      1920         0
       C46         c       396       158         0      1440      1920         0
       C47         c       326       212         0      1440      1920         0
       C48         c       399       347         0      1440      1920         0
       C49         c        65        32         0         0       480         0
       C50         c        10       112         0         0       480         0
       C51         c        39       252         0         0       480         0
       C52         c         0       318         0         0       480         0
       C53         c       139        82         0       480       960         0
       C54         c       155       130         0       480       960         0
       C55         c       137       234         0       480       960         0
       C56         c       144       365         0       480       960         0
       C57         c       246         2         0       960      1440         0
       C58         c       246       195         0       960      1440         0
       C59         c       282       279         0       960      1440         0
       C60         c       277       345         0       960      1440         0
       C61         c       300        97         0      1440      1920         0
       C62         c       348       186         0      1440      1920         0
       C63         c       305       293         0      1440      1920         0
       C64         c       360       358         0      1440      1920         0

Vehicle fuel tank capacity /200.0/
Vehicle load capacity /230/
Fuel consumption rate /1.0/
Inverse refueling rate /0.2/
Average Velocity /1.0/

Vehicle start locations
D1:    5
D2:    0
D3:    5
D4:    0
Vehicle end locations
D1:    0
D2:    1
D3:    0
D4:    1
