  StringID      Type         x         y    demand ReadyTime   DueDateServiceTime
        D1         d         0         0         0         0      1920         0
        D2         d       400         0         0         0      1920         0
        D3         d         0       400         0         0      1920         0
        D4         d       400       400         0         0      1920         0
        S1         f       100         0         0         0      1920         0
        S2         f       200         0         0         0      1920         0
        S3         f       300         0         0         0      1920         0
        S4         f         0       100         0         0      1920         0
        S5         f       100       100         0         0      1920         0
        S6         f       200       100         0         0      1920         0
        S7         f       300       100         0         0      1920         0
        S8         f       400       100         0         0      1920         0
        S9         f         0       200         0         0      1920         0
       S10         f       100       200         0         0      1920         0
       S11         f       200       200         0         0      1920         0
       S12         f       300       200         0         0      1920         0
       S13         f       400       200         0         0      1920         0
       S14         f         0       300         0         0      1920         0
       S15         f       100       300         0         0      1920         0
       S16         f       200       300         0         0      1920         0
       S17         f       300       300         0         0      1920         0
       S18         f       400       300         0         0      1920         0
       S19         f       100       400         0         0      1920         0
       S20         f       200       400         0         0      1920         0
       S21         f       300       400         0         0      1920         0
        C1         c        82        40         0       190       430         0
        C2         c        35       150         0       216       456         0
        C3         c        44       224         0       125       365         0
        C4         c        67       395         0       149       389         0
        C5         c       162        44         0       664       904         0
        C6         c       181       175         0       514       754         0
        C7         c       126       244         0       560       800         0
        C8         c       161       381         0       551       791         0
        C9         c       242         5         0       994      1234         0
       C10         c       261       184         0      1085      1325         0
       C11         c       275       233         0      1095      1335         0
       C12         c       207       349         0       987      1227         0
       C13         c       393        28         0      1544      1784         0
       C14         c       302       139         0      1633      1873         0
       C15         c       332       249         0      1621      1861         0
       C16         c       345       306         0      1514      1754         0
       C17         c        75        94         0       147       387         0
       C18         c        83       114         0       108       348         0
       C19         c        99       297         0       160       400         0
       C20         c        87       325         0        74       314         0
       C21         c       191        10         0       636       876         0
       C22         c       154       103         0       487       727         0
       C23         c       197       294         0       673       913         0
       C24         c       112       386         0       703       943         0
       C25         c       272        91         0       979      1219         0
       C26         c       251       187         0      1107      1347         0
       C27         c       242       298         0       965      1205         0
       C28         c       210       367         0      1127      1367         0
       C29         c       394        61         0      1659      1899         0
       C30         c       390       191         0      1489      1729         0
       C31         c       359       201         0      1581      1821         0
       C32         c       375       370         0      1670      1910         0
       C33         c        66        79         0       235       475         0
       C34         c        16       191         0       230       470         0
       C35         c        27       210         0        43       283         0
       C36         c        30       304         0       213       453         0
       C37         c       197        25         0       645       885         0
       C38         c       198       174         0       496       736         0
       C39         c       104       232         0       534       774         0
       C40         c       138       363         0       698       938         0
       C41         c       224        56         0      1034      1274         0
       C42         c       269       130         0      1103      1343         0
       C43         c       235       283         0      1074      1314         0
       C44         c       266       388         0      1106      1346         0
       C45         c       342        88         0      1500      1740         0
       C46         c       346       171         0      1614      1854         0
       C47         c       303       219         0      1559      1799         0
       C48         c       391       388         0      1607      1847         0
       C49         c        41        24         0       132       372         0
       C50         c        37       165         0       181       421         0
       C51         c         4       224         0       173       413         0
       C52         c         3       388         0        44       284         0
       C53         c       183        98         0       486       726         0
       C54         c       160       112         0       500       740         0
       C55         c       186       243         0       568       808         0
       C56         c       135       322         0       511       751         0
       C57         c       262        75         0      1015      1255         0
       C58         c       241       164         0      1111      1351         0
       C59         c       282       223         0       995      1235         0
       C60         c       205       392         0      1199      1439         0
       C61         c       348        24         0      1588      1828         0
       C62         c       343       189         0      1599      1839         0
       C63         c       375       250         0      1462      1702         0
       C64         c       334       394         0      1675      1915         0

Vehicle fuel tank capacity /200.0/
Vehicle load capacity /230/
Fuel consumption rate /1.0/
Inverse refueling rate /0.2/
Average Velocity /1.0/

Vehicle start locations
D1:    5
D2:    0
D3:    5
D4:    0
Vehicle end locations
D1:    0
D2:    1
D3:    0
D4:    1
