  StringID      Type         x         y    demand ReadyTime   DueDateServiceTime
        D1         d         0         0         0         0      2160         0
        D2         d       500         0         0         0      2160         0
        D3         d         0       400         0         0      2160         0
        D4         d       500       400         0         0      2160         0
        S1         f       100         0         0         0      2160         0
        S2         f       200         0         0         0      2160         0
        S3         f       300         0         0         0      2160         0
        S4         f       400         0         0         0      2160         0
        S5         f         0       100         0         0      2160         0
        S6         f       100       100         0         0      2160         0
        S7         f       200       100         0         0      2160         0
        S8         f       300       100         0         0      2160         0
        S9         f       400       100         0         0      2160         0
       S10         f       500       100         0         0      2160         0
       S11         f         0       200         0         0      2160         0
       S12         f       100       200         0         0      2160         0
       S13         f       200       200         0         0      2160         0
       S14         f       300       200         0         0      2160         0
       S15         f       400       200         0         0      2160         0
       S16         f       500       200         0         0      2160         0
       S17         f         0       300         0         0      2160         0
       S18         f       100       300         0         0      2160         0
       S19         f       200       300         0         0      2160         0
       S20         f       300       300         0         0      2160         0
       S21         f       400       300         0         0      2160         0
       S22         f       500       300         0         0      2160         0
       S23         f       100       400         0         0      2160         0
       S24         f       200       400         0         0      2160         0
       S25         f       300       400         0         0      2160         0
       S26         f       400       400         0         0      2160         0
        C1         c        50        30         0         0       432         0
        C2         c        38       123         0         0       432         0
        C3         c        21       238         0         0       432         0
        C4         c        16       336         0         0       432         0
        C5         c       154        74         0       432       864         0
        C6         c       192       185         0       432       864         0
        C7         c       186       264         0       432       864         0
        C8         c       161       369         0       432       864         0
        C9         c       288        53         0       864      1296         0
       C10         c       213       152         0       864      1296         0
       C11         c       261       247         0       864      1296         0
       C12         c       205       326         0       864      1296         0
       C13         c       397        47         0      1296      1728         0
       C14         c       351       134         0      1296      1728         0
       C15         c       384       233         0      1296      1728         0
       C16         c       311       337         0      1296      1728         0
       C17         c       441        53         0      1728      2160         0
       C18         c       459       153         0      1728      2160         0
       C19         c       442       212         0      1728      2160         0
       C20         c       452       380         0      1728      2160         0
       C21         c        36        36         0         0       432         0
       C22         c        30       171         0         0       432         0
       C23         c        60       280         0         0       432         0
       C24         c        93       372         0         0       432         0
       C25         c       175        75         0       432       864         0
       C26         c       137       141         0       432       864         0
       C27         c       126       250         0       432       864         0
       C28         c       167       301         0       432       864         0
       C29         c       221        75         0       864      1296         0
       C30         c       225       197         0       864      1296         0
       C31         c       227       264         0       864      1296         0
       C32         c       251       348         0       864      1296         0
       C33         c       340        77         0      1296      1728         0
       C34         c       349       164         0      1296      1728         0
       C35         c       312       232         0      1296      1728         0
       C36         c       305       329         0      1296      1728         0
       C37         c       444        93         0      1728      2160         0
       C38         c       485       190         0      1728      2160         0
       C39         c       465       267         0      1728      2160         0
       C40         c       433       318         0      1728      2160         0
       C41         c        76        40         0         0       432         0
       C42         c         8       129         0         0       432         0
       C43         c        77       289         0         0       432         0
       C44         c        63       309         0         0       432         0
       C45         c       121        29         0       432       864         0
       C46         c       152       131         0       432       864         0
       C47         c       171       267         0       432       864         0
       C48         c       134       311         0       432       864         0
       C49         c       231        16         0       864      1296         0
       C50         c       277       165         0       864      1296         0
       C51         c       261       227         0       864      1296         0
       C52         c       284       366         0       864      1296         0
       C53         c       327        32         0      1296      1728         0
       C54         c       331       182         0      1296      1728         0
       C55         c       347       241         0      1296      1728         0
       C56         c       312       385         0      1296      1728         0
       C57         c       424        48         0      1728      2160         0
       C58         c       438       172         0      1728      2160         0
       C59         c       489       221         0      1728      2160         0
       C60         c       444       313         0      1728      2160         0
       C61         c         4        30         0         0       432         0
       C62         c        59       167         0         0       432         0
       C63         c        55       257         0         0       432         0
       C64         c         8       357         0         0       432         0
       C65         c       126        42         0       432       864         0
       C66         c       154       197         0       432       864         0
       C67         c       126       238         0       432       864         0
       C68         c       120       356         0       432       864         0
       C69         c       209        43         0       864      1296         0
       C70         c       276       130         0       864      1296         0
       C71         c       287       294         0       864      1296         0
       C72         c       236       342         0       864      1296         0
       C73         c       361        80         0      1296      1728         0
       C74         c       335       152         0      1296      1728         0
       C75         c       327       253         0      1296      1728         0
       C76         c       345       338         0      1296      1728         0
       C77         c       406        76         0      1728      2160         0
       C78         c       429       138         0      1728      2160         0
       C79         c       408       269         0      1728      2160         0
       C80         c       441       342         0      1728      2160         0

Vehicle fuel tank capacity /200.0/
Vehicle load capacity /330/
Fuel consumption rate /1.0/
Inverse refueling rate /0.2/
Average Velocity /1.0/

Vehicle start locations
D1:    5
D2:    0
D3:    5
D4:    0
Vehicle end locations
D1:    0
D2:    1
D3:    0
D4:    1
