  StringID      Type         x         y    demand ReadyTime   DueDateServiceTime
        D1         d         0         0         0         0      1920         0
        D2         d       400         0         0         0      1920         0
        D3         d         0       400         0         0      1920         0
        D4         d       400       400         0         0      1920         0
        S1         f       100         0         0         0      1920         0
        S2         f       200         0         0         0      1920         0
        S3         f       300         0         0         0      1920         0
        S4         f         0       100         0         0      1920         0
        S5         f       100       100         0         0      1920         0
        S6         f       200       100         0         0      1920         0
        S7         f       300       100         0         0      1920         0
        S8         f       400       100         0         0      1920         0
        S9         f         0       200         0         0      1920         0
       S10         f       100       200         0         0      1920         0
       S11         f       200       200         0         0      1920         0
       S12         f       300       200         0         0      1920         0
       S13         f       400       200         0         0      1920         0
       S14         f         0       300         0         0      1920         0
       S15         f       100       300         0         0      1920         0
       S16         f       200       300         0         0      1920         0
       S17         f       300       300         0         0      1920         0
       S18         f       400       300         0         0      1920         0
       S19         f       100       400         0         0      1920         0
       S20         f       200       400         0         0      1920         0
       S21         f       300       400         0         0      1920         0
        C1         c        66        76         0       120       360         0
        C2         c        74       117         0       148       388         0
        C3         c        38       202         0       102       342         0
        C4         c        25       355         0       106       346         0
        C5         c       181        55         0       594       834         0
        C6         c       127       187         0       669       909         0
        C7         c       197       224         0       510       750         0
        C8         c       176       389         0       512       752         0
        C9         c       212        65         0      1184      1424         0
       C10         c       265       191         0      1188      1428         0
       C11         c       262       266         0      1056      1296         0
       C12         c       283       312         0      1086      1326         0
       C13         c       312        95         0      1442      1682         0
       C14         c       327       196         0      1620      1860         0
       C15         c       334       293         0      1469      1709         0
       C16         c       336       309         0      1461      1701         0
       C17         c        17        63         0       166       406         0
       C18         c        22       104         0       228       468         0
       C19         c        63       264         0       185       425         0
       C20         c        81       355         0       201       441         0
       C21         c       168        52         0       563       803         0
       C22         c       116       176         0       687       927         0
       C23         c       133       296         0       644       884         0
       C24         c       130       389         0       523       763         0
       C25         c       253        92         0      1024      1264         0
       C26         c       270       147         0      1151      1391         0
       C27         c       234       278         0      1116      1356         0
       C28         c       241       378         0       988      1228         0
       C29         c       391        27         0      1675      1915         0
       C30         c       350       115         0      1668      1908         0
       C31         c       375       299         0      1640      1880         0
       C32         c       318       339         0      1483      1723         0
       C33         c        30        28         0       129       369         0
       C34         c         0       182         0       161       401         0
       C35         c        94       275         0       168       408         0
       C36         c        40       351         0       110       350         0
       C37         c       110        96         0       541       781         0
       C38         c       159       124         0       498       738         0
       C39         c       171       220         0       716       956         0
       C40         c       145       339         0       694       934         0
       C41         c       229        88         0      1133      1373         0
       C42         c       244       185         0       974      1214         0
       C43         c       211       288         0      1172      1412         0
       C44         c       243       316         0      1021      1261         0
       C45         c       317        75         0      1458      1698         0
       C46         c       348       145         0      1533      1773         0
       C47         c       376       202         0      1447      1687         0
       C48         c       357       390         0      1498      1738         0
       C49         c        52        93         0       112       352         0
       C50         c         6       112         0       212       452         0
       C51         c        24       273         0       202       442         0
       C52         c        25       380         0       103       343         0
       C53         c       158        18         0       626       866         0
       C54         c       168       163         0       484       724         0
       C55         c       128       216         0       696       936         0
       C56         c       168       327         0       617       857         0
       C57         c       246         1         0      1034      1274         0
       C58         c       270       120         0      1087      1327         0
       C59         c       228       261         0      1064      1304         0
       C60         c       267       360         0       988      1228         0
       C61         c       379        73         0      1482      1722         0
       C62         c       317       125         0      1640      1880         0
       C63         c       383       291         0      1496      1736         0
       C64         c       351       377         0      1649      1889         0
       C65         c        43        48         0       157       397         0
       C66         c        86       142         0        13       253         0
       C67         c        48       234         0        30       270         0
       C68         c        53       356         0         0       240         0
       C69         c       190        46         0       593       833         0
       C70         c       119       104         0       656       896         0
       C71         c       158       229         0       490       730         0
       C72         c       181       321         0       688       928         0
       C73         c       230        14         0      1139      1379         0
       C74         c       255       151         0      1006      1246         0
       C75         c       245       246         0      1177      1417         0
       C76         c       248       354         0      1008      1248         0
       C77         c       399        92         0      1536      1776         0
       C78         c       344       160         0      1488      1728         0
       C79         c       386       243         0      1619      1859         0
       C80         c       397       346         0      1556      1796         0

Vehicle fuel tank capacity /200.0/
Vehicle load capacity /330/
Fuel consumption rate /1.0/
Inverse refueling rate /0.2/
Average Velocity /1.0/

Vehicle start locations
D1:    5
D2:    0
D3:    5
D4:    0
Vehicle end locations
D1:    0
D2:    1
D3:    0
D4:    1
