  StringID      Type         x         y    demand ReadyTime   DueDateServiceTime
        D1         d         0         0         0         0      1920         0
        D2         d       400         0         0         0      1920         0
        D3         d         0       400         0         0      1920         0
        D4         d       400       400         0         0      1920         0
        S1         f       100         0         0         0      1920         0
        S2         f       200         0         0         0      1920         0
        S3         f       300         0         0         0      1920         0
        S4         f         0       100         0         0      1920         0
        S5         f       100       100         0         0      1920         0
        S6         f       200       100         0         0      1920         0
        S7         f       300       100         0         0      1920         0
        S8         f       400       100         0         0      1920         0
        S9         f         0       200         0         0      1920         0
       S10         f       100       200         0         0      1920         0
       S11         f       200       200         0         0      1920         0
       S12         f       300       200         0         0      1920         0
       S13         f       400       200         0         0      1920         0
       S14         f         0       300         0         0      1920         0
       S15         f       100       300         0         0      1920         0
       S16         f       200       300         0         0      1920         0
       S17         f       300       300         0         0      1920         0
       S18         f       400       300         0         0      1920         0
       S19         f       100       400         0         0      1920         0
       S20         f       200       400         0         0      1920         0
       S21         f       300       400         0         0      1920         0
        C1         c        25        76         0         0       480         0
        C2         c        66       135         0         0       480         0
        C3         c        13       284         0         0       480         0
        C4         c        30       344         0         0       480         0
        C5         c       176        67         0       480       960         0
        C6         c       114       192         0       480       960         0
        C7         c       108       257         0       480       960         0
        C8         c       177       303         0       480       960         0
        C9         c       234        43         0       960      1440         0
       C10         c       273       117         0       960      1440         0
       C11         c       235       204         0       960      1440         0
       C12         c       267       330         0       960      1440         0
       C13         c       320        17         0      1440      1920         0
       C14         c       353       138         0      1440      1920         0
       C15         c       388       264         0      1440      1920         0
       C16         c       369       349         0      1440      1920         0
       C17         c        49        19         0         0       480         0
       C18         c        25       167         0         0       480         0
       C19         c        60       240         0         0       480         0
       C20         c        62       332         0         0       480         0
       C21         c       139        50         0       480       960         0
       C22         c       113       146         0       480       960         0
       C23         c       118       246         0       480       960         0
       C24         c       115       368         0       480       960         0
       C25         c       298        73         0       960      1440         0
       C26         c       299       179         0       960      1440         0
       C27         c       264       210         0       960      1440         0
       C28         c       281       365         0       960      1440         0
       C29         c       361        17         0      1440      1920         0
       C30         c       337       125         0      1440      1920         0
       C31         c       366       265         0      1440      1920         0
       C32         c       378       389         0      1440      1920         0
       C33         c        52        69         0         0       480         0
       C34         c         1       123         0         0       480         0
       C35         c        47       226         0         0       480         0
       C36         c        74       322         0         0       480         0
       C37         c       131        94         0       480       960         0
       C38         c       193       116         0       480       960         0
       C39         c       119       222         0       480       960         0
       C40         c       149       342         0       480       960         0
       C41         c       293        25         0       960      1440         0
       C42         c       292       153         0       960      1440         0
       C43         c       283       235         0       960      1440         0
       C44         c       297       359         0       960      1440         0
       C45         c       343        75         0      1440      1920         0
       C46         c       386       134         0      1440      1920         0
       C47         c       394       203         0      1440      1920         0
       C48         c       338       305         0      1440      1920         0
       C49         c        80        66         0         0       480         0
       C50         c        52       131         0         0       480         0
       C51         c        26       227         0         0       480         0
       C52         c        95       335         0         0       480         0
       C53         c       178         8         0       480       960         0
       C54         c       170       190         0       480       960         0
       C55         c       139       281         0       480       960         0
       C56         c       134       361         0       480       960         0
       C57         c       222        54         0       960      1440         0
       C58         c       298       129         0       960      1440         0
       C59         c       265       271         0       960      1440         0
       C60         c       281       375         0       960      1440         0
       C61         c       305        86         0      1440      1920         0
       C62         c       338       175         0      1440      1920         0
       C63         c       319       297         0      1440      1920         0
       C64         c       326       357         0      1440      1920         0
       C65         c        19        36         0         0       480         0
       C66         c        97       120         0         0       480         0
       C67         c        12       202         0         0       480         0
       C68         c        82       329         0         0       480         0
       C69         c       183        78         0       480       960         0
       C70         c       146       159         0       480       960         0
       C71         c       120       282         0       480       960         0
       C72         c       118       386         0       480       960         0
       C73         c       281        21         0       960      1440         0
       C74         c       277       132         0       960      1440         0
       C75         c       279       284         0       960      1440         0
       C76         c       202       395         0       960      1440         0
       C77         c       308        33         0      1440      1920         0
       C78         c       370       131         0      1440      1920         0
       C79         c       396       290         0      1440      1920         0
       C80         c       336       370         0      1440      1920         0

Vehicle fuel tank capacity /200.0/
Vehicle load capacity /320/
Fuel consumption rate /1.0/
Inverse refueling rate /0.2/
Average Velocity /1.0/

Vehicle start locations
D1:    5
D2:    0
D3:    5
D4:    0
Vehicle end locations
D1:    0
D2:    1
D3:    0
D4:    1
