  StringID      Type         x         y    demand ReadyTime   DueDateServiceTime
        D1         d         0         0         0         0      2160         0
        D2         d       500         0         0         0      2160         0
        D3         d         0       400         0         0      2160         0
        D4         d       500       400         0         0      2160         0
        S1         f       100         0         0         0      2160         0
        S2         f       200         0         0         0      2160         0
        S3         f       300         0         0         0      2160         0
        S4         f       400         0         0         0      2160         0
        S5         f         0       100         0         0      2160         0
        S6         f       100       100         0         0      2160         0
        S7         f       200       100         0         0      2160         0
        S8         f       300       100         0         0      2160         0
        S9         f       400       100         0         0      2160         0
       S10         f       500       100         0         0      2160         0
       S11         f         0       200         0         0      2160         0
       S12         f       100       200         0         0      2160         0
       S13         f       200       200         0         0      2160         0
       S14         f       300       200         0         0      2160         0
       S15         f       400       200         0         0      2160         0
       S16         f       500       200         0         0      2160         0
       S17         f         0       300         0         0      2160         0
       S18         f       100       300         0         0      2160         0
       S19         f       200       300         0         0      2160         0
       S20         f       300       300         0         0      2160         0
       S21         f       400       300         0         0      2160         0
       S22         f       500       300         0         0      2160         0
       S23         f       100       400         0         0      2160         0
       S24         f       200       400         0         0      2160         0
       S25         f       300       400         0         0      2160         0
       S26         f       400       400         0         0      2160         0
        C1         c         0        99         0         0       432         0
        C2         c        69       117         0         0       432         0
        C3         c        78       271         0         0       432         0
        C4         c        65       362         0         0       432         0
        C5         c       152        14         0       432       864         0
        C6         c       174       111         0       432       864         0
        C7         c       135       261         0       432       864         0
        C8         c       138       357         0       432       864         0
        C9         c       247        48         0       864      1296         0
       C10         c       229       112         0       864      1296         0
       C11         c       200       221         0       864      1296         0
       C12         c       288       353         0       864      1296         0
       C13         c       383        37         0      1296      1728         0
       C14         c       354       195         0      1296      1728         0
       C15         c       356       267         0      1296      1728         0
       C16         c       368       343         0      1296      1728         0
       C17         c       461        42         0      1728      2160         0
       C18         c       451       131         0      1728      2160         0
       C19         c       417       224         0      1728      2160         0
       C20         c       462       341         0      1728      2160         0
       C21         c        81        88         0         0       432         0
       C22         c         0       171         0         0       432         0
       C23         c        34       248         0         0       432         0
       C24         c        76       393         0         0       432         0
       C25         c       168        80         0       432       864         0
       C26         c       172       148         0       432       864         0
       C27         c       175       255         0       432       864         0
       C28         c       181       319         0       432       864         0
       C29         c       201        70         0       864      1296         0
       C30         c       253       180         0       864      1296         0
       C31         c       254       241         0       864      1296         0
       C32         c       249       382         0       864      1296         0
       C33         c       356        20         0      1296      1728         0
       C34         c       380       197         0      1296      1728         0
       C35         c       346       272         0      1296      1728         0
       C36         c       323       354         0      1296      1728         0
       C37         c       484        86         0      1728      2160         0
       C38         c       481       159         0      1728      2160         0
       C39         c       407       288         0      1728      2160         0
       C40         c       419       317         0      1728      2160         0
       C41         c        45        51         0         0       432         0
       C42         c        41       182         0         0       432         0
       C43         c        11       236         0         0       432         0
       C44         c        51       325         0         0       432         0
       C45         c       180        77         0       432       864         0
       C46         c       162       191         0       432       864         0
       C47         c       190       224         0       432       864         0
       C48         c       118       370         0       432       864         0
       C49         c       251        69         0       864      1296         0
       C50         c       208       158         0       864      1296         0
       C51         c       263       208         0       864      1296         0
       C52         c       216       350         0       864      1296         0
       C53         c       396        21         0      1296      1728         0
       C54         c       323       101         0      1296      1728         0
       C55         c       314       295         0      1296      1728         0
       C56         c       385       387         0      1296      1728         0
       C57         c       425        66         0      1728      2160         0
       C58         c       429       189         0      1728      2160         0
       C59         c       458       243         0      1728      2160         0
       C60         c       480       398         0      1728      2160         0
       C61         c        57        62         0         0       432         0
       C62         c        98       149         0         0       432         0
       C63         c        78       248         0         0       432         0
       C64         c        18       314         0         0       432         0
       C65         c       164        30         0       432       864         0
       C66         c       138       181         0       432       864         0
       C67         c       147       272         0       432       864         0
       C68         c       147       324         0       432       864         0
       C69         c       233        70         0       864      1296         0
       C70         c       216       118         0       864      1296         0
       C71         c       213       262         0       864      1296         0
       C72         c       225       305         0       864      1296         0
       C73         c       313        33         0      1296      1728         0
       C74         c       313       171         0      1296      1728         0
       C75         c       303       289         0      1296      1728         0
       C76         c       360       367         0      1296      1728         0
       C77         c       456        31         0      1728      2160         0
       C78         c       489       193         0      1728      2160         0
       C79         c       484       262         0      1728      2160         0
       C80         c       432       337         0      1728      2160         0

Vehicle fuel tank capacity /200.0/
Vehicle load capacity /320/
Fuel consumption rate /1.0/
Inverse refueling rate /0.2/
Average Velocity /1.0/

Vehicle start locations
D1:    5
D2:    0
D3:    5
D4:    0
Vehicle end locations
D1:    0
D2:    1
D3:    0
D4:    1
