  StringID      Type         x         y    demand ReadyTime   DueDateServiceTime
        D1         d         0         0         0         0      2160         0
        D2         d       500         0         0         0      2160         0
        D3         d         0       400         0         0      2160         0
        D4         d       500       400         0         0      2160         0
        S1         f       100         0         0         0      2160         0
        S2         f       200         0         0         0      2160         0
        S3         f       300         0         0         0      2160         0
        S4         f       400         0         0         0      2160         0
        S5         f         0       100         0         0      2160         0
        S6         f       100       100         0         0      2160         0
        S7         f       200       100         0         0      2160         0
        S8         f       300       100         0         0      2160         0
        S9         f       400       100         0         0      2160         0
       S10         f       500       100         0         0      2160         0
       S11         f         0       200         0         0      2160         0
       S12         f       100       200         0         0      2160         0
       S13         f       200       200         0         0      2160         0
       S14         f       300       200         0         0      2160         0
       S15         f       400       200         0         0      2160         0
       S16         f       500       200         0         0      2160         0
       S17         f         0       300         0         0      2160         0
       S18         f       100       300         0         0      2160         0
       S19         f       200       300         0         0      2160         0
       S20         f       300       300         0         0      2160         0
       S21         f       400       300         0         0      2160         0
       S22         f       500       300         0         0      2160         0
       S23         f       100       400         0         0      2160         0
       S24         f       200       400         0         0      2160         0
       S25         f       300       400         0         0      2160         0
       S26         f       400       400         0         0      2160         0
        C1         c        83        26         0         0       432         0
        C2         c        30       131         0         0       432         0
        C3         c        63       276         0         0       432         0
        C4         c        21       302         0         0       432         0
        C5         c       116        64         0       432       864         0
        C6         c       126       183         0       432       864         0
        C7         c       131       200         0       432       864         0
        C8         c       100       331         0       432       864         0
        C9         c       252        45         0       864      1296         0
       C10         c       298       146         0       864      1296         0
       C11         c       297       247         0       864      1296         0
       C12         c       278       303         0       864      1296         0
       C13         c       335        60         0      1296      1728         0
       C14         c       362       182         0      1296      1728         0
       C15         c       364       292         0      1296      1728         0
       C16         c       358       344         0      1296      1728         0
       C17         c       419        56         0      1728      2160         0
       C18         c       415       133         0      1728      2160         0
       C19         c       431       282         0      1728      2160         0
       C20         c       425       357         0      1728      2160         0
       C21         c        88        80         0         0       432         0
       C22         c        84       198         0         0       432         0
       C23         c        27       218         0         0       432         0
       C24         c        63       364         0         0       432         0
       C25         c       183         0         0       432       864         0
       C26         c       117       139         0       432       864         0
       C27         c       155       227         0       432       864         0
       C28         c       163       358         0       432       864         0
       C29         c       286        13         0       864      1296         0
       C30         c       202       153         0       864      1296         0
       C31         c       284       224         0       864      1296         0
       C32         c       237       360         0       864      1296         0
       C33         c       307        60         0      1296      1728         0
       C34         c       312       160         0      1296      1728         0
       C35         c       393       272         0      1296      1728         0
       C36         c       391       384         0      1296      1728         0
       C37         c       440        93         0      1728      2160         0
       C38         c       470       126         0      1728      2160         0
       C39         c       490       233         0      1728      2160         0
       C40         c       495       346         0      1728      2160         0
       C41         c        15        81         0         0       432         0
       C42         c        21       106         0         0       432         0
       C43         c        97       246         0         0       432         0
       C44         c        22       354         0         0       432         0
       C45         c       154        72         0       432       864         0
       C46         c       115       197         0       432       864         0
       C47         c       177       270         0       432       864         0
       C48         c       176       319         0       432       864         0
       C49         c       219        89         0       864      1296         0
       C50         c       240       119         0       864      1296         0
       C51         c       237       209         0       864      1296         0
       C52         c       269       385         0       864      1296         0
       C53         c       395        11         0      1296      1728         0
       C54         c       328       169         0      1296      1728         0
       C55         c       351       220         0      1296      1728         0
       C56         c       325       300         0      1296      1728         0
       C57         c       463        87         0      1728      2160         0
       C58         c       491       136         0      1728      2160         0
       C59         c       466       294         0      1728      2160         0
       C60         c       408       334         0      1728      2160         0
       C61         c         0        64         0         0       432         0
       C62         c         6       101         0         0       432         0
       C63         c        24       266         0         0       432         0
       C64         c        26       365         0         0       432         0
       C65         c       110        27         0       432       864         0
       C66         c       106       145         0       432       864         0
       C67         c       198       291         0       432       864         0
       C68         c       184       353         0       432       864         0
       C69         c       242        78         0       864      1296         0
       C70         c       214       180         0       864      1296         0
       C71         c       242       221         0       864      1296         0
       C72         c       268       397         0       864      1296         0
       C73         c       329        35         0      1296      1728         0
       C74         c       352       154         0      1296      1728         0
       C75         c       333       205         0      1296      1728         0
       C76         c       349       374         0      1296      1728         0
       C77         c       483        75         0      1728      2160         0
       C78         c       479       114         0      1728      2160         0
       C79         c       441       218         0      1728      2160         0
       C80         c       463       333         0      1728      2160         0

Vehicle fuel tank capacity /200.0/
Vehicle load capacity /300/
Fuel consumption rate /1.0/
Inverse refueling rate /0.2/
Average Velocity /1.0/

Vehicle start locations
D1:    5
D2:    0
D3:    5
D4:    0
Vehicle end locations
D1:    0
D2:    1
D3:    0
D4:    1
