  StringID      Type         x         y    demand ReadyTime   DueDateServiceTime
        D1         d         0         0         0         0      1920         0
        D2         d       400         0         0         0      1920         0
        D3         d         0       400         0         0      1920         0
        D4         d       400       400         0         0      1920         0
        S1         f       100         0         0         0      1920         0
        S2         f       200         0         0         0      1920         0
        S3         f       300         0         0         0      1920         0
        S4         f         0       100         0         0      1920         0
        S5         f       100       100         0         0      1920         0
        S6         f       200       100         0         0      1920         0
        S7         f       300       100         0         0      1920         0
        S8         f       400       100         0         0      1920         0
        S9         f         0       200         0         0      1920         0
       S10         f       100       200         0         0      1920         0
       S11         f       200       200         0         0      1920         0
       S12         f       300       200         0         0      1920         0
       S13         f       400       200         0         0      1920         0
       S14         f         0       300         0         0      1920         0
       S15         f       100       300         0         0      1920         0
       S16         f       200       300         0         0      1920         0
       S17         f       300       300         0         0      1920         0
       S18         f       400       300         0         0      1920         0
       S19         f       100       400         0         0      1920         0
       S20         f       200       400         0         0      1920         0
       S21         f       300       400         0         0      1920         0
        C1         c        65        20         0         0       480         0
        C2         c        51       107         0         0       480         0
        C3         c        57       289         0         0       480         0
        C4         c        54       392         0         0       480         0
        C5         c       117        29         0       480       960         0
        C6         c       179       191         0       480       960         0
        C7         c       147       212         0       480       960         0
        C8         c       122       334         0       480       960         0
        C9         c       287        46         0       960      1440         0
       C10         c       260       188         0       960      1440         0
       C11         c       291       245         0       960      1440         0
       C12         c       206       321         0       960      1440         0
       C13         c       318        89         0      1440      1920         0
       C14         c       319       120         0      1440      1920         0
       C15         c       365       285         0      1440      1920         0
       C16         c       347       316         0      1440      1920         0
       C17         c        53        91         0         0       480         0
       C18         c        88       196         0         0       480         0
       C19         c        60       201         0         0       480         0
       C20         c        18       371         0         0       480         0
       C21         c       157        29         0       480       960         0
       C22         c       160       171         0       480       960         0
       C23         c       146       270         0       480       960         0
       C24         c       189       381         0       480       960         0
       C25         c       207        64         0       960      1440         0
       C26         c       263       157         0       960      1440         0
       C27         c       262       209         0       960      1440         0
       C28         c       221       315         0       960      1440         0
       C29         c       371        98         0      1440      1920         0
       C30         c       370       190         0      1440      1920         0
       C31         c       371       252         0      1440      1920         0
       C32         c       301       353         0      1440      1920         0
       C33         c        20        82         0         0       480         0
       C34         c        87       139         0         0       480         0
       C35         c        26       273         0         0       480         0
       C36         c        75       304         0         0       480         0
       C37         c       198        29         0       480       960         0
       C38         c       164       153         0       480       960         0
       C39         c       168       282         0       480       960         0
       C40         c       198       346         0       480       960         0
       C41         c       274        75         0       960      1440         0
       C42         c       265       139         0       960      1440         0
       C43         c       218       292         0       960      1440         0
       C44         c       254       387         0       960      1440         0
       C45         c       319        23         0      1440      1920         0
       C46         c       328       162         0      1440      1920         0
       C47         c       316       255         0      1440      1920         0
       C48         c       351       355         0      1440      1920         0
       C49         c        91        80         0         0       480         0
       C50         c        30       140         0         0       480         0
       C51         c        55       211         0         0       480         0
       C52         c        65       376         0         0       480         0
       C53         c       173        20         0       480       960         0
       C54         c       169       193         0       480       960         0
       C55         c       192       235         0       480       960         0
       C56         c       110       389         0       480       960         0
       C57         c       297        12         0       960      1440         0
       C58         c       200       162         0       960      1440         0
       C59         c       263       236         0       960      1440         0
       C60         c       226       384         0       960      1440         0
       C61         c       313        41         0      1440      1920         0
       C62         c       378       175         0      1440      1920         0
       C63         c       342       279         0      1440      1920         0
       C64         c       373       347         0      1440      1920         0
       C65         c        31        84         0         0       480         0
       C66         c        32       112         0         0       480         0
       C67         c        26       289         0         0       480         0
       C68         c        17       324         0         0       480         0
       C69         c       152        88         0       480       960         0
       C70         c       196       130         0       480       960         0
       C71         c       179       209         0       480       960         0
       C72         c       135       309         0       480       960         0
       C73         c       297        79         0       960      1440         0
       C74         c       289       172         0       960      1440         0
       C75         c       277       202         0       960      1440         0
       C76         c       294       366         0       960      1440         0
       C77         c       385        78         0      1440      1920         0
       C78         c       302       170         0      1440      1920         0
       C79         c       305       297         0      1440      1920         0
       C80         c       339       370         0      1440      1920         0

Vehicle fuel tank capacity /200.0/
Vehicle load capacity /300/
Fuel consumption rate /1.0/
Inverse refueling rate /0.2/
Average Velocity /1.0/

Vehicle start locations
D1:    5
D2:    0
D3:    5
D4:    0
Vehicle end locations
D1:    0
D2:    1
D3:    0
D4:    1
