  StringID      Type         x         y    demand ReadyTime   DueDateServiceTime
        D1         d         0         0         0         0      1920         0
        D2         d       400         0         0         0      1920         0
        D3         d         0       400         0         0      1920         0
        D4         d       400       400         0         0      1920         0
        S1         f       100         0         0         0      1920         0
        S2         f       200         0         0         0      1920         0
        S3         f       300         0         0         0      1920         0
        S4         f         0       100         0         0      1920         0
        S5         f       100       100         0         0      1920         0
        S6         f       200       100         0         0      1920         0
        S7         f       300       100         0         0      1920         0
        S8         f       400       100         0         0      1920         0
        S9         f         0       200         0         0      1920         0
       S10         f       100       200         0         0      1920         0
       S11         f       200       200         0         0      1920         0
       S12         f       300       200         0         0      1920         0
       S13         f       400       200         0         0      1920         0
       S14         f         0       300         0         0      1920         0
       S15         f       100       300         0         0      1920         0
       S16         f       200       300         0         0      1920         0
       S17         f       300       300         0         0      1920         0
       S18         f       400       300         0         0      1920         0
       S19         f       100       400         0         0      1920         0
       S20         f       200       400         0         0      1920         0
       S21         f       300       400         0         0      1920         0
        C1         c        67        28         0       128       368         0
        C2         c        28       193         0       238       478         0
        C3         c         7       272         0         9       249         0
        C4         c        28       345         0        80       320         0
        C5         c       181         1         0       674       914         0
        C6         c       126       117         0       551       791         0
        C7         c       118       227         0       599       839         0
        C8         c       171       381         0       711       951         0
        C9         c       249        39         0      1011      1251         0
       C10         c       242       181         0      1111      1351         0
       C11         c       209       280         0      1018      1258         0
       C12         c       271       377         0       987      1227         0
       C13         c       330         0         0      1648      1888         0
       C14         c       369       152         0      1610      1850         0
       C15         c       363       250         0      1589      1829         0
       C16         c       392       335         0      1635      1875         0
       C17         c        84        19         0       180       420         0
       C18         c        67       154         0        69       309         0
       C19         c        27       226         0        46       286         0
       C20         c        23       316         0       174       414         0
       C21         c       146        51         0       593       833         0
       C22         c       163       127         0       709       949         0
       C23         c       109       271         0       686       926         0
       C24         c       106       395         0       666       906         0
       C25         c       298        33         0      1158      1398         0
       C26         c       285       142         0       982      1222         0
       C27         c       266       232         0      1012      1252         0
       C28         c       279       340         0      1198      1438         0
       C29         c       319        87         0      1661      1901         0
       C30         c       351       139         0      1596      1836         0
       C31         c       365       225         0      1448      1688         0
       C32         c       308       348         0      1501      1741         0
       C33         c        38        87         0       183       423         0
       C34         c        16       104         0       235       475         0
       C35         c        24       208         0       173       413         0
       C36         c        78       384         0       194       434         0
       C37         c       100         3         0       675       915         0
       C38         c       101       188         0       530       770         0
       C39         c       184       273         0       536       776         0
       C40         c       102       370         0       522       762         0
       C41         c       276         6         0      1191      1431         0
       C42         c       269       162         0      1016      1256         0
       C43         c       244       220         0      1073      1313         0
       C44         c       223       337         0      1004      1244         0
       C45         c       385        74         0      1471      1711         0
       C46         c       301       177         0      1665      1905         0
       C47         c       341       246         0      1606      1846         0
       C48         c       339       357         0      1642      1882         0
       C49         c        53         0         0       151       391         0
       C50         c        67       107         0         1       241         0
       C51         c        59       238         0       179       419         0
       C52         c        47       353         0         5       245         0
       C53         c       115        98         0       685       925         0
       C54         c       153       167         0       489       729         0
       C55         c       197       212         0       584       824         0
       C56         c       103       332         0       606       846         0
       C57         c       247        87         0       964      1204         0
       C58         c       291       166         0       980      1220         0
       C59         c       228       209         0      1092      1332         0
       C60         c       267       363         0       978      1218         0
       C61         c       361        12         0      1657      1897         0
       C62         c       345       116         0      1655      1895         0
       C63         c       307       243         0      1472      1712         0
       C64         c       392       320         0      1678      1918         0
       C65         c        97        31         0        45       285         0
       C66         c        91       199         0        74       314         0
       C67         c        52       224         0        63       303         0
       C68         c        34       307         0       123       363         0
       C69         c       170        56         0       575       815         0
       C70         c       176       145         0       634       874         0
       C71         c       169       253         0       576       816         0
       C72         c       172       343         0       506       746         0
       C73         c       294        43         0      1009      1249         0
       C74         c       201       170         0      1078      1318         0
       C75         c       288       241         0      1085      1325         0
       C76         c       226       347         0      1022      1262         0
       C77         c       379        98         0      1509      1749         0
       C78         c       392       171         0      1542      1782         0
       C79         c       325       243         0      1641      1881         0
       C80         c       362       354         0      1560      1800         0

Vehicle fuel tank capacity /200.0/
Vehicle load capacity /300/
Fuel consumption rate /1.0/
Inverse refueling rate /0.2/
Average Velocity /1.0/

Vehicle start locations
D1:    5
D2:    0
D3:    5
D4:    0
Vehicle end locations
D1:    0
D2:    1
D3:    0
D4:    1
