  StringID      Type         x         y    demand ReadyTime   DueDateServiceTime
        D1         d         0         0         0         0      2160         0
        D2         d       500         0         0         0      2160         0
        D3         d         0       400         0         0      2160         0
        D4         d       500       400         0         0      2160         0
        S1         f       100         0         0         0      2160         0
        S2         f       200         0         0         0      2160         0
        S3         f       300         0         0         0      2160         0
        S4         f       400         0         0         0      2160         0
        S5         f         0       100         0         0      2160         0
        S6         f       100       100         0         0      2160         0
        S7         f       200       100         0         0      2160         0
        S8         f       300       100         0         0      2160         0
        S9         f       400       100         0         0      2160         0
       S10         f       500       100         0         0      2160         0
       S11         f         0       200         0         0      2160         0
       S12         f       100       200         0         0      2160         0
       S13         f       200       200         0         0      2160         0
       S14         f       300       200         0         0      2160         0
       S15         f       400       200         0         0      2160         0
       S16         f       500       200         0         0      2160         0
       S17         f         0       300         0         0      2160         0
       S18         f       100       300         0         0      2160         0
       S19         f       200       300         0         0      2160         0
       S20         f       300       300         0         0      2160         0
       S21         f       400       300         0         0      2160         0
       S22         f       500       300         0         0      2160         0
       S23         f       100       400         0         0      2160         0
       S24         f       200       400         0         0      2160         0
       S25         f       300       400         0         0      2160         0
       S26         f       400       400         0         0      2160         0
        C1         c        89        82         0         0       432         0
        C2         c        82       143         0         0       432         0
        C3         c        51       277         0         0       432         0
        C4         c         1       328         0         0       432         0
        C5         c       103        31         0       432       864         0
        C6         c       125       174         0       432       864         0
        C7         c       160       233         0       432       864         0
        C8         c       147       314         0       432       864         0
        C9         c       200        62         0       864      1296         0
       C10         c       210       123         0       864      1296         0
       C11         c       244       255         0       864      1296         0
       C12         c       232       391         0       864      1296         0
       C13         c       343        32         0      1296      1728         0
       C14         c       315       139         0      1296      1728         0
       C15         c       392       254         0      1296      1728         0
       C16         c       338       345         0      1296      1728         0
       C17         c       496        24         0      1728      2160         0
       C18         c       477       194         0      1728      2160         0
       C19         c       431       210         0      1728      2160         0
       C20         c       435       329         0      1728      2160         0
       C21         c        70        92         0         0       432         0
       C22         c        74       160         0         0       432         0
       C23         c        49       262         0         0       432         0
       C24         c        40       321         0         0       432         0
       C25         c       186        66         0       432       864         0
       C26         c       113       180         0       432       864         0
       C27         c       190       228         0       432       864         0
       C28         c       148       365         0       432       864         0
       C29         c       258         6         0       864      1296         0
       C30         c       284       195         0       864      1296         0
       C31         c       273       264         0       864      1296         0
       C32         c       243       395         0       864      1296         0
       C33         c       334        42         0      1296      1728         0
       C34         c       341       101         0      1296      1728         0
       C35         c       308       246         0      1296      1728         0
       C36         c       384       335         0      1296      1728         0
       C37         c       463        95         0      1728      2160         0
       C38         c       485       136         0      1728      2160         0
       C39         c       483       271         0      1728      2160         0
       C40         c       430       357         0      1728      2160         0
       C41         c        10        21         0         0       432         0
       C42         c        37       101         0         0       432         0
       C43         c        72       216         0         0       432         0
       C44         c        27       342         0         0       432         0
       C45         c       138        33         0       432       864         0
       C46         c       103       156         0       432       864         0
       C47         c       121       270         0       432       864         0
       C48         c       137       308         0       432       864         0
       C49         c       274        39         0       864      1296         0
       C50         c       293       122         0       864      1296         0
       C51         c       230       213         0       864      1296         0
       C52         c       208       340         0       864      1296         0
       C53         c       362        85         0      1296      1728         0
       C54         c       315       101         0      1296      1728         0
       C55         c       328       260         0      1296      1728         0
       C56         c       321       319         0      1296      1728         0
       C57         c       456        62         0      1728      2160         0
       C58         c       406       125         0      1728      2160         0
       C59         c       426       264         0      1728      2160         0
       C60         c       493       320         0      1728      2160         0
       C61         c        61        20         0         0       432         0
       C62         c        69       130         0         0       432         0
       C63         c        82       294         0         0       432         0
       C64         c        51       332         0         0       432         0
       C65         c       172         3         0       432       864         0
       C66         c       141       183         0       432       864         0
       C67         c       181       240         0       432       864         0
       C68         c       148       331         0       432       864         0
       C69         c       245        61         0       864      1296         0
       C70         c       246       154         0       864      1296         0
       C71         c       247       278         0       864      1296         0
       C72         c       280       320         0       864      1296         0
       C73         c       353        43         0      1296      1728         0
       C74         c       340       197         0      1296      1728         0
       C75         c       325       288         0      1296      1728         0
       C76         c       365       353         0      1296      1728         0
       C77         c       494        87         0      1728      2160         0
       C78         c       431       169         0      1728      2160         0
       C79         c       472       264         0      1728      2160         0
       C80         c       468       338         0      1728      2160         0

Vehicle fuel tank capacity /200.0/
Vehicle load capacity /310/
Fuel consumption rate /1.0/
Inverse refueling rate /0.2/
Average Velocity /1.0/

Vehicle start locations
D1:    5
D2:    0
D3:    5
D4:    0
Vehicle end locations
D1:    0
D2:    1
D3:    0
D4:    1
