  StringID      Type         x         y    demand ReadyTime   DueDateServiceTime
        D1         d         0         0         0         0      1920         0
        D2         d       400         0         0         0      1920         0
        D3         d         0       400         0         0      1920         0
        D4         d       400       400         0         0      1920         0
        S1         f       100         0         0         0      1920         0
        S2         f       200         0         0         0      1920         0
        S3         f       300         0         0         0      1920         0
        S4         f         0       100         0         0      1920         0
        S5         f       100       100         0         0      1920         0
        S6         f       200       100         0         0      1920         0
        S7         f       300       100         0         0      1920         0
        S8         f       400       100         0         0      1920         0
        S9         f         0       200         0         0      1920         0
       S10         f       100       200         0         0      1920         0
       S11         f       200       200         0         0      1920         0
       S12         f       300       200         0         0      1920         0
       S13         f       400       200         0         0      1920         0
       S14         f         0       300         0         0      1920         0
       S15         f       100       300         0         0      1920         0
       S16         f       200       300         0         0      1920         0
       S17         f       300       300         0         0      1920         0
       S18         f       400       300         0         0      1920         0
       S19         f       100       400         0         0      1920         0
       S20         f       200       400         0         0      1920         0
       S21         f       300       400         0         0      1920         0
        C1         c        83        84         0       190       430         0
        C2         c        13       191         0       216       456         0
        C3         c        74       231         0       125       365         0
        C4         c        99       300         0       149       389         0
        C5         c       153        84         0       664       904         0
        C6         c       154       143         0       514       754         0
        C7         c       168       213         0       560       800         0
        C8         c       141       327         0       551       791         0
        C9         c       201         4         0       994      1234         0
       C10         c       296       157         0      1085      1325         0
       C11         c       244       246         0      1095      1335         0
       C12         c       251       379         0       987      1227         0
       C13         c       334        75         0      1544      1784         0
       C14         c       345       156         0      1633      1873         0
       C15         c       346       285         0      1621      1861         0
       C16         c       333       305         0      1514      1754         0
       C17         c        15        59         0       147       387         0
       C18         c        39       194         0       108       348         0
       C19         c        10       203         0       160       400         0
       C20         c        68       320         0        74       314         0
       C21         c       160        13         0       636       876         0
       C22         c       107       166         0       487       727         0
       C23         c       151       281         0       673       913         0
       C24         c       131       378         0       703       943         0
       C25         c       273        55         0       979      1219         0
       C26         c       209       175         0      1107      1347         0
       C27         c       252       280         0       965      1205         0
       C28         c       230       322         0      1127      1367         0
       C29         c       365        76         0      1659      1899         0
       C30         c       306       128         0      1489      1729         0
       C31         c       385       210         0      1581      1821         0
       C32         c       373       325         0      1670      1910         0
       C33         c        20        28         0       235       475         0
       C34         c        41       106         0       230       470         0
       C35         c        69       269         0        43       283         0
       C36         c        24       375         0       213       453         0
       C37         c       182        40         0       645       885         0
       C38         c       128       188         0       496       736         0
       C39         c       141       232         0       534       774         0
       C40         c       140       375         0       698       938         0
       C41         c       245        17         0      1034      1274         0
       C42         c       293       120         0      1103      1343         0
       C43         c       273       233         0      1074      1314         0
       C44         c       213       328         0      1106      1346         0
       C45         c       374        16         0      1500      1740         0
       C46         c       374       116         0      1614      1854         0
       C47         c       344       219         0      1559      1799         0
       C48         c       395       351         0      1607      1847         0
       C49         c         8        28         0       132       372         0
       C50         c        11       160         0       181       421         0
       C51         c        23       252         0       173       413         0
       C52         c        19       330         0        44       284         0
       C53         c       112        49         0       486       726         0
       C54         c       184       105         0       500       740         0
       C55         c       185       285         0       568       808         0
       C56         c       133       308         0       511       751         0
       C57         c       213        96         0      1015      1255         0
       C58         c       260       132         0      1111      1351         0
       C59         c       256       211         0       995      1235         0
       C60         c       271       361         0      1199      1439         0
       C61         c       323        79         0      1588      1828         0
       C62         c       385       152         0      1599      1839         0
       C63         c       326       294         0      1462      1702         0
       C64         c       317       308         0      1675      1915         0
       C65         c        37        90         0        87       327         0
       C66         c         3       106         0       137       377         0
       C67         c        20       231         0       169       409         0
       C68         c        51       396         0       215       455         0
       C69         c       159        42         0       586       826         0
       C70         c       159       117         0       550       790         0
       C71         c       135       257         0       691       931         0
       C72         c       137       398         0       511       751         0
       C73         c       232        93         0      1085      1325         0
       C74         c       281       129         0      1069      1309         0
       C75         c       274       270         0      1001      1241         0
       C76         c       201       323         0       982      1222         0
       C77         c       399        79         0      1472      1712         0
       C78         c       301       181         0      1573      1813         0
       C79         c       320       281         0      1512      1752         0
       C80         c       310       331         0      1558      1798         0

Vehicle fuel tank capacity /200.0/
Vehicle load capacity /310/
Fuel consumption rate /1.0/
Inverse refueling rate /0.2/
Average Velocity /1.0/

Vehicle start locations
D1:    5
D2:    0
D3:    5
D4:    0
Vehicle end locations
D1:    0
D2:    1
D3:    0
D4:    1
