  StringID      Type         x         y    demand ReadyTime   DueDateServiceTime
        D1         d         0         0         0         0      1920         0
        D2         d       400         0         0         0      1920         0
        D3         d         0       400         0         0      1920         0
        D4         d       400       400         0         0      1920         0
        S1         f       100         0         0         0      1920         0
        S2         f       200         0         0         0      1920         0
        S3         f       300         0         0         0      1920         0
        S4         f         0       100         0         0      1920         0
        S5         f       100       100         0         0      1920         0
        S6         f       200       100         0         0      1920         0
        S7         f       300       100         0         0      1920         0
        S8         f       400       100         0         0      1920         0
        S9         f         0       200         0         0      1920         0
       S10         f       100       200         0         0      1920         0
       S11         f       200       200         0         0      1920         0
       S12         f       300       200         0         0      1920         0
       S13         f       400       200         0         0      1920         0
       S14         f         0       300         0         0      1920         0
       S15         f       100       300         0         0      1920         0
       S16         f       200       300         0         0      1920         0
       S17         f       300       300         0         0      1920         0
       S18         f       400       300         0         0      1920         0
       S19         f       100       400         0         0      1920         0
       S20         f       200       400         0         0      1920         0
       S21         f       300       400         0         0      1920         0
        C1         c        65        20         0         3       243         0
        C2         c        51       107         0        16       256         0
        C3         c        57       289         0        86       326         0
        C4         c        54       392         0        81       321         0
        C5         c       117        29         0       552       792         0
        C6         c       179       191         0       609       849         0
        C7         c       147       212         0       629       869         0
        C8         c       122       334         0       683       923         0
        C9         c       287        46         0      1034      1274         0
       C10         c       260       188         0      1087      1327         0
       C11         c       291       245         0      1022      1262         0
       C12         c       206       321         0       972      1212         0
       C13         c       318        89         0      1630      1870         0
       C14         c       319       120         0      1448      1688         0
       C15         c       365       285         0      1656      1896         0
       C16         c       347       316         0      1572      1812         0
       C17         c        53        91         0        67       307         0
       C18         c        88       196         0       100       340         0
       C19         c        60       201         0       166       406         0
       C20         c        18       371         0       196       436         0
       C21         c       157        29         0       645       885         0
       C22         c       160       171         0       620       860         0
       C23         c       146       270         0       641       881         0
       C24         c       189       381         0       571       811         0
       C25         c       207        64         0       997      1237         0
       C26         c       263       157         0      1124      1364         0
       C27         c       262       209         0      1002      1242         0
       C28         c       221       315         0      1092      1332         0
       C29         c       371        98         0      1563      1803         0
       C30         c       370       190         0      1619      1859         0
       C31         c       371       252         0      1578      1818         0
       C32         c       301       353         0      1543      1783         0
       C33         c        20        82         0       210       450         0
       C34         c        87       139         0        89       329         0
       C35         c        26       273         0        85       325         0
       C36         c        75       304         0         1       241         0
       C37         c       198        29         0       588       828         0
       C38         c       164       153         0       642       882         0
       C39         c       168       282         0       553       793         0
       C40         c       198       346         0       564       804         0
       C41         c       274        75         0       983      1223         0
       C42         c       265       139         0      1096      1336         0
       C43         c       218       292         0      1091      1331         0
       C44         c       254       387         0       991      1231         0
       C45         c       319        23         0      1585      1825         0
       C46         c       328       162         0      1650      1890         0
       C47         c       316       255         0      1442      1682         0
       C48         c       351       355         0      1481      1721         0
       C49         c        91        80         0       143       383         0
       C50         c        30       140         0        24       264         0
       C51         c        55       211         0        36       276         0
       C52         c        65       376         0        37       277         0
       C53         c       173        20         0       651       891         0
       C54         c       169       193         0       497       737         0
       C55         c       192       235         0       668       908         0
       C56         c       110       389         0       715       955         0
       C57         c       297        12         0      1184      1424         0
       C58         c       200       162         0       977      1217         0
       C59         c       263       236         0      1162      1402         0
       C60         c       226       384         0      1174      1414         0
       C61         c       313        41         0      1575      1815         0
       C62         c       378       175         0      1511      1751         0
       C63         c       342       279         0      1644      1884         0
       C64         c       373       347         0      1651      1891         0
       C65         c        31        84         0       220       460         0
       C66         c        32       112         0        17       257         0
       C67         c        26       289         0       153       393         0
       C68         c        17       324         0        51       291         0
       C69         c       152        88         0       566       806         0
       C70         c       196       130         0       679       919         0
       C71         c       179       209         0       562       802         0
       C72         c       135       309         0       707       947         0
       C73         c       297        79         0      1148      1388         0
       C74         c       289       172         0      1153      1393         0
       C75         c       277       202         0       987      1227         0
       C76         c       294       366         0      1130      1370         0
       C77         c       385        78         0      1468      1708         0
       C78         c       302       170         0      1560      1800         0
       C79         c       305       297         0      1599      1839         0
       C80         c       339       370         0      1545      1785         0

Vehicle fuel tank capacity /200.0/
Vehicle load capacity /300/
Fuel consumption rate /1.0/
Inverse refueling rate /0.2/
Average Velocity /1.0/

Vehicle start locations
D1:    5
D2:    0
D3:    5
D4:    0
Vehicle end locations
D1:    0
D2:    1
D3:    0
D4:    1
