  StringID      Type         x         y    demand ReadyTime   DueDateServiceTime
        D1         d         0         0         0         0      2160         0
        D2         d       500         0         0         0      2160         0
        D3         d         0       400         0         0      2160         0
        D4         d       500       400         0         0      2160         0
        S1         f       100         0         0         0      2160         0
        S2         f       200         0         0         0      2160         0
        S3         f       300         0         0         0      2160         0
        S4         f       400         0         0         0      2160         0
        S5         f         0       100         0         0      2160         0
        S6         f       100       100         0         0      2160         0
        S7         f       200       100         0         0      2160         0
        S8         f       300       100         0         0      2160         0
        S9         f       400       100         0         0      2160         0
       S10         f       500       100         0         0      2160         0
       S11         f         0       200         0         0      2160         0
       S12         f       100       200         0         0      2160         0
       S13         f       200       200         0         0      2160         0
       S14         f       300       200         0         0      2160         0
       S15         f       400       200         0         0      2160         0
       S16         f       500       200         0         0      2160         0
       S17         f         0       300         0         0      2160         0
       S18         f       100       300         0         0      2160         0
       S19         f       200       300         0         0      2160         0
       S20         f       300       300         0         0      2160         0
       S21         f       400       300         0         0      2160         0
       S22         f       500       300         0         0      2160         0
       S23         f       100       400         0         0      2160         0
       S24         f       200       400         0         0      2160         0
       S25         f       300       400         0         0      2160         0
       S26         f       400       400         0         0      2160         0
        C1         c        72        85         0       171       387         0
        C2         c        69       110         0       195       411         0
        C3         c        67       233         0       113       329         0
        C4         c        30       337         0       134       350         0
        C5         c       105        52         0       598       814         0
        C6         c       140       105         0       463       679         0
        C7         c       112       289         0       504       720         0
        C8         c       103       347         0       496       712         0
        C9         c       248        75         0       894      1110         0
       C10         c       246       113         0       977      1193         0
       C11         c       262       217         0       985      1201         0
       C12         c       215       379         0       888      1104         0
       C13         c       319        50         0      1389      1605         0
       C14         c       383       115         0      1470      1686         0
       C15         c       356       230         0      1458      1674         0
       C16         c       327       377         0      1363      1579         0
       C17         c       479        31         0      1757      1973         0
       C18         c       401       137         0      1882      2098         0
       C19         c       438       259         0      1874      2090         0
       C20         c       434       378         0      1920      2136         0
       C21         c        15        95         0       132       348         0
       C22         c        97       134         0        97       313         0
       C23         c        59       224         0       144       360         0
       C24         c         7       355         0        67       283         0
       C25         c       174         2         0       572       788         0
       C26         c       171       101         0       439       655         0
       C27         c       188       238         0       606       822         0
       C28         c       159       344         0       633       849         0
       C29         c       205        45         0       881      1097         0
       C30         c       286       118         0       997      1213         0
       C31         c       205       238         0       868      1084         0
       C32         c       244       347         0      1014      1230         0
       C33         c       366         9         0      1493      1709         0
       C34         c       307       135         0      1340      1556         0
       C35         c       305       205         0      1423      1639         0
       C36         c       313       341         0      1503      1719         0
       C37         c       491        56         0      1742      1958         0
       C38         c       460       183         0      1830      2046         0
       C39         c       452       260         0      1776      1992         0
       C40         c       498       386         0      1816      2032         0
       C41         c        23        60         0       212       428         0
       C42         c        17       153         0       207       423         0
       C43         c        47       280         0        39       255         0
       C44         c        62       379         0       192       408         0
       C45         c       155        32         0       581       797         0
       C46         c       156       107         0       446       662         0
       C47         c       149       260         0       480       696         0
       C48         c       116       372         0       628       844         0
       C49         c       251        15         0       931      1147         0
       C50         c       297       173         0       992      1208         0
       C51         c       251       241         0       967      1183         0
       C52         c       275       346         0       995      1211         0
       C53         c       381        86         0      1350      1566         0
       C54         c       387       106         0      1453      1669         0
       C55         c       376       262         0      1403      1619         0
       C56         c       352       371         0      1446      1662         0
       C57         c       422        10         0      1896      2112         0
       C58         c       417       182         0      1798      2014         0
       C59         c       461       288         0      1920      2136         0
       C60         c       471       377         0      1816      2032         0
       C61         c        59        27         0       119       335         0
       C62         c        96       155         0       163       379         0
       C63         c        50       204         0       155       371         0
       C64         c        22       329         0        40       256         0
       C65         c       128        92         0       437       653         0
       C66         c       125       152         0       450       666         0
       C67         c       156       279         0       511       727         0
       C68         c       157       300         0       460       676         0
       C69         c       217        42         0       914      1130         0
       C70         c       258       120         0      1000      1216         0
       C71         c       279       248         0       896      1112         0
       C72         c       247       363         0      1079      1295         0
       C73         c       366        28         0      1429      1645         0
       C74         c       303       120         0      1439      1655         0
       C75         c       309       257         0      1315      1531         0
       C76         c       326       302         0      1507      1723         0
       C77         c       467        83         0      1829      2045         0
       C78         c       402       151         0      1760      1976         0
       C79         c       460       252         0      1743      1959         0
       C80         c       483       339         0      1776      1992         0
       C81         c        46        19         0        78       294         0
       C82         c        68       168         0       123       339         0
       C83         c        23       227         0       152       368         0
       C84         c        27       382         0       194       410         0
       C85         c       109        10         0       528       744         0
       C86         c       127       175         0       495       711         0
       C87         c       183       249         0       622       838         0
       C88         c       150       377         0       460       676         0
       C89         c       215        15         0       977      1193         0
       C90         c       264       183         0       962      1178         0
       C91         c       234       223         0       901      1117         0
       C92         c       273       356         0       884      1100         0
       C93         c       396         0         0      1325      1541         0
       C94         c       321       134         0      1416      1632         0
       C95         c       360       200         0      1361      1577         0
       C96         c       394       373         0      1402      1618         0
       C97         c       467        37         0      1913      2129         0
       C98         c       432       170         0      1919      2135         0
       C99         c       435       233         0      1867      2083         0
      C100         c       482       399         0      1893      2109         0

Vehicle fuel tank capacity /200.0/
Vehicle load capacity /380/
Fuel consumption rate /1.0/
Inverse refueling rate /0.2/
Average Velocity /1.0/

Vehicle start locations
D1:    5
D2:    0
D3:    5
D4:    0
Vehicle end locations
D1:    0
D2:    1
D3:    0
D4:    1
