  StringID      Type         x         y    demand ReadyTime   DueDateServiceTime
        D1         d         0         0         0         0      2160         0
        D2         d       500         0         0         0      2160         0
        D3         d         0       400         0         0      2160         0
        D4         d       500       400         0         0      2160         0
        S1         f       100         0         0         0      2160         0
        S2         f       200         0         0         0      2160         0
        S3         f       300         0         0         0      2160         0
        S4         f       400         0         0         0      2160         0
        S5         f         0       100         0         0      2160         0
        S6         f       100       100         0         0      2160         0
        S7         f       200       100         0         0      2160         0
        S8         f       300       100         0         0      2160         0
        S9         f       400       100         0         0      2160         0
       S10         f       500       100         0         0      2160         0
       S11         f         0       200         0         0      2160         0
       S12         f       100       200         0         0      2160         0
       S13         f       200       200         0         0      2160         0
       S14         f       300       200         0         0      2160         0
       S15         f       400       200         0         0      2160         0
       S16         f       500       200         0         0      2160         0
       S17         f         0       300         0         0      2160         0
       S18         f       100       300         0         0      2160         0
       S19         f       200       300         0         0      2160         0
       S20         f       300       300         0         0      2160         0
       S21         f       400       300         0         0      2160         0
       S22         f       500       300         0         0      2160         0
       S23         f       100       400         0         0      2160         0
       S24         f       200       400         0         0      2160         0
       S25         f       300       400         0         0      2160         0
       S26         f       400       400         0         0      2160         0
        C1         c        17        71         0       108       324         0
        C2         c        42       196         0       133       349         0
        C3         c        33       236         0        91       307         0
        C4         c        78       313         0        95       311         0
        C5         c       176        85         0       535       751         0
        C6         c       157       193         0       602       818         0
        C7         c       168       231         0       459       675         0
        C8         c       141       325         0       461       677         0
        C9         c       287        67         0      1066      1282         0
       C10         c       216       196         0      1069      1285         0
       C11         c       254       241         0       951      1167         0
       C12         c       255       303         0       978      1194         0
       C13         c       370        69         0      1298      1514         0
       C14         c       347       129         0      1458      1674         0
       C15         c       389       259         0      1322      1538         0
       C16         c       362       305         0      1315      1531         0
       C17         c       402        18         0      1928      2144         0
       C18         c       407       178         0      1864      2080         0
       C19         c       454       235         0      1789      2005         0
       C20         c       401       320         0      1788      2004         0
       C21         c        71        65         0       149       365         0
       C22         c        41       121         0       205       421         0
       C23         c        14       250         0       167       383         0
       C24         c        70       329         0       181       397         0
       C25         c       151        53         0       506       722         0
       C26         c       103       149         0       619       835         0
       C27         c       196       249         0       580       796         0
       C28         c       130       359         0       471       687         0
       C29         c       234        81         0       922      1138         0
       C30         c       236       177         0      1036      1252         0
       C31         c       285       255         0      1004      1220         0
       C32         c       267       358         0       889      1105         0
       C33         c       302        76         0      1508      1724         0
       C34         c       374       129         0      1501      1717         0
       C35         c       349       288         0      1476      1692         0
       C36         c       310       337         0      1335      1551         0
       C37         c       461        75         0      1835      2051         0
       C38         c       460       116         0      1839      2055         0
       C39         c       438       269         0      1764      1980         0
       C40         c       405       334         0      1904      2120         0
       C41         c        80        36         0       116       332         0
       C42         c        26       154         0       145       361         0
       C43         c        62       280         0       151       367         0
       C44         c        42       385         0        99       315         0
       C45         c       108        52         0       487       703         0
       C46         c       157       117         0       448       664         0
       C47         c       131       264         0       644       860         0
       C48         c       110       390         0       624       840         0
       C49         c       219        83         0      1020      1236         0
       C50         c       231       158         0       876      1092         0
       C51         c       282       211         0      1055      1271         0
       C52         c       256       344         0       919      1135         0
       C53         c       380        85         0      1312      1528         0
       C54         c       399       131         0      1379      1595         0
       C55         c       325       245         0      1302      1518         0
       C56         c       337       397         0      1348      1564         0
       C57         c       494         9         0      1850      2066         0
       C58         c       498       182         0      1942      2158         0
       C59         c       447       287         0      1943      2159         0
       C60         c       456       386         0      1747      1963         0
       C61         c        78        50         0       101       317         0
       C62         c        78       116         0       190       406         0
       C63         c        70       223         0       182       398         0
       C64         c        28       360         0        93       309         0
       C65         c       158         8         0       563       779         0
       C66         c       198       182         0       436       652         0
       C67         c       176       263         0       626       842         0
       C68         c       191       374         0       555       771         0
       C69         c       237        70         0       930      1146         0
       C70         c       267       123         0       978      1194         0
       C71         c       261       273         0       958      1174         0
       C72         c       294       363         0       889      1105         0
       C73         c       372        15         0      1333      1549         0
       C74         c       381       173         0      1476      1692         0
       C75         c       393       285         0      1347      1563         0
       C76         c       364       381         0      1484      1700         0
       C77         c       455        93         0      1833      2049         0
       C78         c       431       143         0      1930      2146         0
       C79         c       415       295         0      1906      2122         0
       C80         c       414       371         0      1921      2137         0
       C81         c         1        33         0       142       358         0
       C82         c        84       163         0        12       228         0
       C83         c        93       246         0        27       243         0
       C84         c        19       317         0         0       216         0
       C85         c       116        12         0       533       749         0
       C86         c       185       182         0       591       807         0
       C87         c       112       263         0       441       657         0
       C88         c       158       325         0       619       835         0
       C89         c       252        83         0      1025      1241         0
       C90         c       211       113         0       905      1121         0
       C91         c       265       229         0      1059      1275         0
       C92         c       252       313         0       907      1123         0
       C93         c       356        42         0      1382      1598         0
       C94         c       395       166         0      1340      1556         0
       C95         c       346       255         0      1457      1673         0
       C96         c       387       363         0      1400      1616         0
       C97         c       414        56         0      1916      2132         0
       C98         c       443       177         0      1891      2107         0
       C99         c       493       277         0      1757      1973         0
      C100         c       405       399         0      1924      2140         0

Vehicle fuel tank capacity /200.0/
Vehicle load capacity /410/
Fuel consumption rate /1.0/
Inverse refueling rate /0.2/
Average Velocity /1.0/

Vehicle start locations
D1:    5
D2:    0
D3:    5
D4:    0
Vehicle end locations
D1:    0
D2:    1
D3:    0
D4:    1
