  StringID      Type         x         y    demand ReadyTime   DueDateServiceTime
        D1         d         0         0         0         0      2160         0
        D2         d       500         0         0         0      2160         0
        D3         d         0       400         0         0      2160         0
        D4         d       500       400         0         0      2160         0
        S1         f       100         0         0         0      2160         0
        S2         f       200         0         0         0      2160         0
        S3         f       300         0         0         0      2160         0
        S4         f       400         0         0         0      2160         0
        S5         f         0       100         0         0      2160         0
        S6         f       100       100         0         0      2160         0
        S7         f       200       100         0         0      2160         0
        S8         f       300       100         0         0      2160         0
        S9         f       400       100         0         0      2160         0
       S10         f       500       100         0         0      2160         0
       S11         f         0       200         0         0      2160         0
       S12         f       100       200         0         0      2160         0
       S13         f       200       200         0         0      2160         0
       S14         f       300       200         0         0      2160         0
       S15         f       400       200         0         0      2160         0
       S16         f       500       200         0         0      2160         0
       S17         f         0       300         0         0      2160         0
       S18         f       100       300         0         0      2160         0
       S19         f       200       300         0         0      2160         0
       S20         f       300       300         0         0      2160         0
       S21         f       400       300         0         0      2160         0
       S22         f       500       300         0         0      2160         0
       S23         f       100       400         0         0      2160         0
       S24         f       200       400         0         0      2160         0
       S25         f       300       400         0         0      2160         0
       S26         f       400       400         0         0      2160         0
        C1         c        17        71         0         0       432         0
        C2         c        42       196         0         0       432         0
        C3         c        33       236         0         0       432         0
        C4         c        78       313         0         0       432         0
        C5         c       176        85         0       432       864         0
        C6         c       157       193         0       432       864         0
        C7         c       168       231         0       432       864         0
        C8         c       141       325         0       432       864         0
        C9         c       287        67         0       864      1296         0
       C10         c       216       196         0       864      1296         0
       C11         c       254       241         0       864      1296         0
       C12         c       255       303         0       864      1296         0
       C13         c       370        69         0      1296      1728         0
       C14         c       347       129         0      1296      1728         0
       C15         c       389       259         0      1296      1728         0
       C16         c       362       305         0      1296      1728         0
       C17         c       402        18         0      1728      2160         0
       C18         c       407       178         0      1728      2160         0
       C19         c       454       235         0      1728      2160         0
       C20         c       401       320         0      1728      2160         0
       C21         c        71        65         0         0       432         0
       C22         c        41       121         0         0       432         0
       C23         c        14       250         0         0       432         0
       C24         c        70       329         0         0       432         0
       C25         c       151        53         0       432       864         0
       C26         c       103       149         0       432       864         0
       C27         c       196       249         0       432       864         0
       C28         c       130       359         0       432       864         0
       C29         c       234        81         0       864      1296         0
       C30         c       236       177         0       864      1296         0
       C31         c       285       255         0       864      1296         0
       C32         c       267       358         0       864      1296         0
       C33         c       302        76         0      1296      1728         0
       C34         c       374       129         0      1296      1728         0
       C35         c       349       288         0      1296      1728         0
       C36         c       310       337         0      1296      1728         0
       C37         c       461        75         0      1728      2160         0
       C38         c       460       116         0      1728      2160         0
       C39         c       438       269         0      1728      2160         0
       C40         c       405       334         0      1728      2160         0
       C41         c        80        36         0         0       432         0
       C42         c        26       154         0         0       432         0
       C43         c        62       280         0         0       432         0
       C44         c        42       385         0         0       432         0
       C45         c       108        52         0       432       864         0
       C46         c       157       117         0       432       864         0
       C47         c       131       264         0       432       864         0
       C48         c       110       390         0       432       864         0
       C49         c       219        83         0       864      1296         0
       C50         c       231       158         0       864      1296         0
       C51         c       282       211         0       864      1296         0
       C52         c       256       344         0       864      1296         0
       C53         c       380        85         0      1296      1728         0
       C54         c       399       131         0      1296      1728         0
       C55         c       325       245         0      1296      1728         0
       C56         c       337       397         0      1296      1728         0
       C57         c       494         9         0      1728      2160         0
       C58         c       498       182         0      1728      2160         0
       C59         c       447       287         0      1728      2160         0
       C60         c       456       386         0      1728      2160         0
       C61         c        78        50         0         0       432         0
       C62         c        78       116         0         0       432         0
       C63         c        70       223         0         0       432         0
       C64         c        28       360         0         0       432         0
       C65         c       158         8         0       432       864         0
       C66         c       198       182         0       432       864         0
       C67         c       176       263         0       432       864         0
       C68         c       191       374         0       432       864         0
       C69         c       237        70         0       864      1296         0
       C70         c       267       123         0       864      1296         0
       C71         c       261       273         0       864      1296         0
       C72         c       294       363         0       864      1296         0
       C73         c       372        15         0      1296      1728         0
       C74         c       381       173         0      1296      1728         0
       C75         c       393       285         0      1296      1728         0
       C76         c       364       381         0      1296      1728         0
       C77         c       455        93         0      1728      2160         0
       C78         c       431       143         0      1728      2160         0
       C79         c       415       295         0      1728      2160         0
       C80         c       414       371         0      1728      2160         0
       C81         c         1        33         0         0       432         0
       C82         c        84       163         0         0       432         0
       C83         c        93       246         0         0       432         0
       C84         c        19       317         0         0       432         0
       C85         c       116        12         0       432       864         0
       C86         c       185       182         0       432       864         0
       C87         c       112       263         0       432       864         0
       C88         c       158       325         0       432       864         0
       C89         c       252        83         0       864      1296         0
       C90         c       211       113         0       864      1296         0
       C91         c       265       229         0       864      1296         0
       C92         c       252       313         0       864      1296         0
       C93         c       356        42         0      1296      1728         0
       C94         c       395       166         0      1296      1728         0
       C95         c       346       255         0      1296      1728         0
       C96         c       387       363         0      1296      1728         0
       C97         c       414        56         0      1728      2160         0
       C98         c       443       177         0      1728      2160         0
       C99         c       493       277         0      1728      2160         0
      C100         c       405       399         0      1728      2160         0

Vehicle fuel tank capacity /200.0/
Vehicle load capacity /410/
Fuel consumption rate /1.0/
Inverse refueling rate /0.2/
Average Velocity /1.0/

Vehicle start locations
D1:    5
D2:    0
D3:    5
D4:    0
Vehicle end locations
D1:    0
D2:    1
D3:    0
D4:    1
