  StringID      Type         x         y    demand ReadyTime   DueDateServiceTime
        D1         d         0         0         0         0      2160         0
        D2         d       500         0         0         0      2160         0
        D3         d         0       400         0         0      2160         0
        D4         d       500       400         0         0      2160         0
        S1         f       100         0         0         0      2160         0
        S2         f       200         0         0         0      2160         0
        S3         f       300         0         0         0      2160         0
        S4         f       400         0         0         0      2160         0
        S5         f         0       100         0         0      2160         0
        S6         f       100       100         0         0      2160         0
        S7         f       200       100         0         0      2160         0
        S8         f       300       100         0         0      2160         0
        S9         f       400       100         0         0      2160         0
       S10         f       500       100         0         0      2160         0
       S11         f         0       200         0         0      2160         0
       S12         f       100       200         0         0      2160         0
       S13         f       200       200         0         0      2160         0
       S14         f       300       200         0         0      2160         0
       S15         f       400       200         0         0      2160         0
       S16         f       500       200         0         0      2160         0
       S17         f         0       300         0         0      2160         0
       S18         f       100       300         0         0      2160         0
       S19         f       200       300         0         0      2160         0
       S20         f       300       300         0         0      2160         0
       S21         f       400       300         0         0      2160         0
       S22         f       500       300         0         0      2160         0
       S23         f       100       400         0         0      2160         0
       S24         f       200       400         0         0      2160         0
       S25         f       300       400         0         0      2160         0
       S26         f       400       400         0         0      2160         0
        C1         c         8        35         0       114       330         0
        C2         c        61       127         0        94       310         0
        C3         c         3       267         0       181       397         0
        C4         c        44       300         0       181       397         0
        C5         c       158        80         0       583       799         0
        C6         c       105       158         0       647       863         0
        C7         c       189       266         0       449       665         0
        C8         c       135       324         0       565       781         0
        C9         c       255         7         0      1072      1288         0
       C10         c       231       137         0       990      1206         0
       C11         c       232       269         0      1003      1219         0
       C12         c       299       343         0       906      1122         0
       C13         c       306        34         0      1409      1625         0
       C14         c       399       196         0      1364      1580         0
       C15         c       370       276         0      1456      1672         0
       C16         c       375       386         0      1366      1582         0
       C17         c       488        52         0      1924      2140         0
       C18         c       461       118         0      1852      2068         0
       C19         c       463       204         0      1764      1980         0
       C20         c       456       395         0      1768      1984         0
       C21         c        59        16         0       104       320         0
       C22         c        76       155         0        18       234         0
       C23         c         7       212         0       115       331         0
       C24         c        90       321         0       144       360         0
       C25         c       130        83         0       588       804         0
       C26         c       148       120         0       583       799         0
       C27         c       156       289         0       484       700         0
       C28         c       143       369         0       616       832         0
       C29         c       227        88         0      1052      1268         0
       C30         c       262       161         0       982      1198         0
       C31         c       270       276         0       895      1111         0
       C32         c       233       381         0      1017      1233         0
       C33         c       307        70         0      1509      1725         0
       C34         c       342       169         0      1319      1535         0
       C35         c       347       229         0      1432      1648         0
       C36         c       315       316         0      1505      1721         0
       C37         c       433        20         0      1818      2034         0
       C38         c       402       139         0      1919      2135         0
       C39         c       433       239         0      1837      2053         0
       C40         c       405       301         0      1842      2058         0
       C41         c        77        32         0       170       386         0
       C42         c         3       112         0       202       418         0
       C43         c        64       207         0       209       425         0
       C44         c        93       333         0       119       335         0
       C45         c       173        35         0       575       791         0
       C46         c       103       190         0       601       817         0
       C47         c       194       244         0       559       775         0
       C48         c       168       303         0       468       684         0
       C49         c       252        40         0       994      1210         0
       C50         c       224       106         0       872      1088         0
       C51         c       219       217         0       878      1094         0
       C52         c       206       351         0      1008      1224         0
       C53         c       355        62         0      1450      1666         0
       C54         c       327       119         0      1413      1629         0
       C55         c       321       244         0      1304      1520         0
       C56         c       398       381         0      1377      1593         0
       C57         c       441        97         0      1739      1955         0
       C58         c       481       127         0      1759      1975         0
       C59         c       436       255         0      1921      2137         0
       C60         c       478       316         0      1797      2013         0
       C61         c        86        76         0        99       315         0
       C62         c        31       118         0        14       230         0
       C63         c        45       275         0        93       309         0
       C64         c        57       397         0       122       338         0
       C65         c       179        21         0       488       704         0
       C66         c       189       166         0       520       736         0
       C67         c       114       249         0       542       758         0
       C68         c       156       382         0       644       860         0
       C69         c       240        40         0      1037      1253         0
       C70         c       267       181         0       973      1189         0
       C71         c       231       213         0      1046      1262         0
       C72         c       241       355         0       917      1133         0
       C73         c       384        39         0      1381      1597         0
       C74         c       397       109         0      1404      1620         0
       C75         c       373       258         0      1507      1723         0
       C76         c       328       389         0      1475      1691         0
       C77         c       455        84         0      1892      2108         0
       C78         c       455       139         0      1854      2070         0
       C79         c       451       248         0      1804      2020         0
       C80         c       486       325         0      1784      2000         0
       C81         c        29        55         0        95       311         0
       C82         c        48       151         0        82       298         0
       C83         c        62       255         0       152       368         0
       C84         c        40       385         0        86       302         0
       C85         c       184        62         0       541       757         0
       C86         c       133       159         0       549       765         0
       C87         c       172       260         0       461       677         0
       C88         c       171       327         0       502       718         0
       C89         c       284        35         0       880      1096         0
       C90         c       290       166         0       984      1200         0
       C91         c       280       218         0       979      1195         0
       C92         c       274       309         0      1010      1226         0
       C93         c       305        94         0      1449      1665         0
       C94         c       361       151         0      1438      1654         0
       C95         c       325       218         0      1396      1612         0
       C96         c       315       387         0      1432      1648         0
       C97         c       472        94         0      1833      2049         0
       C98         c       414       133         0      1915      2131         0
       C99         c       409       225         0      1739      1955         0
      C100         c       491       376         0      1936      2152         0

Vehicle fuel tank capacity /200.0/
Vehicle load capacity /410/
Fuel consumption rate /1.0/
Inverse refueling rate /0.2/
Average Velocity /1.0/

Vehicle start locations
D1:    5
D2:    0
D3:    5
D4:    0
Vehicle end locations
D1:    0
D2:    1
D3:    0
D4:    1
