  StringID      Type         x         y    demand ReadyTime   DueDateServiceTime
        D1         d         0         0         0         0      2160         0
        D2         d       500         0         0         0      2160         0
        D3         d         0       400         0         0      2160         0
        D4         d       500       400         0         0      2160         0
        S1         f       100         0         0         0      2160         0
        S2         f       200         0         0         0      2160         0
        S3         f       300         0         0         0      2160         0
        S4         f       400         0         0         0      2160         0
        S5         f         0       100         0         0      2160         0
        S6         f       100       100         0         0      2160         0
        S7         f       200       100         0         0      2160         0
        S8         f       300       100         0         0      2160         0
        S9         f       400       100         0         0      2160         0
       S10         f       500       100         0         0      2160         0
       S11         f         0       200         0         0      2160         0
       S12         f       100       200         0         0      2160         0
       S13         f       200       200         0         0      2160         0
       S14         f       300       200         0         0      2160         0
       S15         f       400       200         0         0      2160         0
       S16         f       500       200         0         0      2160         0
       S17         f         0       300         0         0      2160         0
       S18         f       100       300         0         0      2160         0
       S19         f       200       300         0         0      2160         0
       S20         f       300       300         0         0      2160         0
       S21         f       400       300         0         0      2160         0
       S22         f       500       300         0         0      2160         0
       S23         f       100       400         0         0      2160         0
       S24         f       200       400         0         0      2160         0
       S25         f       300       400         0         0      2160         0
       S26         f       400       400         0         0      2160         0
        C1         c        58        45         0         0       432         0
        C2         c         7       194         0         0       432         0
        C3         c        55       220         0         0       432         0
        C4         c         4       334         0         0       432         0
        C5         c       128        40         0       432       864         0
        C6         c       102       161         0       432       864         0
        C7         c       196       246         0       432       864         0
        C8         c       124       366         0       432       864         0
        C9         c       287        35         0       864      1296         0
       C10         c       211       190         0       864      1296         0
       C11         c       283       268         0       864      1296         0
       C12         c       242       304         0       864      1296         0
       C13         c       307        40         0      1296      1728         0
       C14         c       350       198         0      1296      1728         0
       C15         c       383       267         0      1296      1728         0
       C16         c       347       365         0      1296      1728         0
       C17         c       466        48         0      1728      2160         0
       C18         c       434       114         0      1728      2160         0
       C19         c       483       277         0      1728      2160         0
       C20         c       484       365         0      1728      2160         0
       C21         c        21        94         0         0       432         0
       C22         c        58       156         0         0       432         0
       C23         c        67       256         0         0       432         0
       C24         c        12       375         0         0       432         0
       C25         c       173        87         0       432       864         0
       C26         c       139       165         0       432       864         0
       C27         c       102       222         0       432       864         0
       C28         c       166       370         0       432       864         0
       C29         c       208        38         0       864      1296         0
       C30         c       229       176         0       864      1296         0
       C31         c       208       257         0       864      1296         0
       C32         c       216       345         0       864      1296         0
       C33         c       325        56         0      1296      1728         0
       C34         c       372       132         0      1296      1728         0
       C35         c       361       201         0      1296      1728         0
       C36         c       380       345         0      1296      1728         0
       C37         c       495        80         0      1728      2160         0
       C38         c       481       114         0      1728      2160         0
       C39         c       482       266         0      1728      2160         0
       C40         c       443       323         0      1728      2160         0
       C41         c        14        85         0         0       432         0
       C42         c        79       137         0         0       432         0
       C43         c        12       212         0         0       432         0
       C44         c        80       337         0         0       432         0
       C45         c       158        26         0       432       864         0
       C46         c       127       152         0       432       864         0
       C47         c       120       210         0       432       864         0
       C48         c       112       373         0       432       864         0
       C49         c       242         1         0       864      1296         0
       C50         c       226       126         0       864      1296         0
       C51         c       217       227         0       864      1296         0
       C52         c       223       324         0       864      1296         0
       C53         c       308        83         0      1296      1728         0
       C54         c       323       177         0      1296      1728         0
       C55         c       317       289         0      1296      1728         0
       C56         c       320       371         0      1296      1728         0
       C57         c       461         3         0      1728      2160         0
       C58         c       450       111         0      1728      2160         0
       C59         c       469       280         0      1728      2160         0
       C60         c       496       361         0      1728      2160         0
       C61         c        93        27         0         0       432         0
       C62         c         8       141         0         0       432         0
       C63         c         4       252         0         0       432         0
       C64         c        86       351         0         0       432         0
       C65         c       181        98         0       432       864         0
       C66         c       162       105         0       432       864         0
       C67         c       139       225         0       432       864         0
       C68         c       186       356         0       432       864         0
       C69         c       234        94         0       864      1296         0
       C70         c       221       155         0       864      1296         0
       C71         c       236       275         0       864      1296         0
       C72         c       229       381         0       864      1296         0
       C73         c       341         6         0      1296      1728         0
       C74         c       337       175         0      1296      1728         0
       C75         c       395       225         0      1296      1728         0
       C76         c       363       389         0      1296      1728         0
       C77         c       414        31         0      1728      2160         0
       C78         c       439       101         0      1728      2160         0
       C79         c       450       233         0      1728      2160         0
       C80         c       469       387         0      1728      2160         0
       C81         c        79        62         0         0       432         0
       C82         c        60       167         0         0       432         0
       C83         c        64       227         0         0       432         0
       C84         c        46       368         0         0       432         0
       C85         c       105         7         0       432       864         0
       C86         c       146       138         0       432       864         0
       C87         c       183       234         0       432       864         0
       C88         c       137       343         0       432       864         0
       C89         c       252        55         0       864      1296         0
       C90         c       202       173         0       864      1296         0
       C91         c       231       242         0       864      1296         0
       C92         c       264       308         0       864      1296         0
       C93         c       321        78         0      1296      1728         0
       C94         c       320       150         0      1296      1728         0
       C95         c       395       204         0      1296      1728         0
       C96         c       377       313         0      1296      1728         0
       C97         c       472        75         0      1728      2160         0
       C98         c       453       163         0      1728      2160         0
       C99         c       478       248         0      1728      2160         0
      C100         c       456       346         0      1728      2160         0

Vehicle fuel tank capacity /200.0/
Vehicle load capacity /380/
Fuel consumption rate /1.0/
Inverse refueling rate /0.2/
Average Velocity /1.0/

Vehicle start locations
D1:    5
D2:    0
D3:    5
D4:    0
Vehicle end locations
D1:    0
D2:    1
D3:    0
D4:    1
