  StringID      Type         x         y    demand ReadyTime   DueDateServiceTime
        D1         d         0         0         0         0      2160         0
        D2         d       500         0         0         0      2160         0
        D3         d         0       400         0         0      2160         0
        D4         d       500       400         0         0      2160         0
        S1         f       100         0         0         0      2160         0
        S2         f       200         0         0         0      2160         0
        S3         f       300         0         0         0      2160         0
        S4         f       400         0         0         0      2160         0
        S5         f         0       100         0         0      2160         0
        S6         f       100       100         0         0      2160         0
        S7         f       200       100         0         0      2160         0
        S8         f       300       100         0         0      2160         0
        S9         f       400       100         0         0      2160         0
       S10         f       500       100         0         0      2160         0
       S11         f         0       200         0         0      2160         0
       S12         f       100       200         0         0      2160         0
       S13         f       200       200         0         0      2160         0
       S14         f       300       200         0         0      2160         0
       S15         f       400       200         0         0      2160         0
       S16         f       500       200         0         0      2160         0
       S17         f         0       300         0         0      2160         0
       S18         f       100       300         0         0      2160         0
       S19         f       200       300         0         0      2160         0
       S20         f       300       300         0         0      2160         0
       S21         f       400       300         0         0      2160         0
       S22         f       500       300         0         0      2160         0
       S23         f       100       400         0         0      2160         0
       S24         f       200       400         0         0      2160         0
       S25         f       300       400         0         0      2160         0
       S26         f       400       400         0         0      2160         0
        C1         c         1        99         0         3       219         0
        C2         c        82       168         0        15       231         0
        C3         c        60       298         0        78       294         0
        C4         c        23       398         0        73       289         0
        C5         c       121        58         0       496       712         0
        C6         c       174       130         0       548       764         0
        C7         c       126       232         0       566       782         0
        C8         c       141       383         0       615       831         0
        C9         c       258        21         0       931      1147         0
       C10         c       204       137         0       978      1194         0
       C11         c       259       273         0       919      1135         0
       C12         c       225       382         0       875      1091         0
       C13         c       380        85         0      1467      1683         0
       C14         c       336       192         0      1303      1519         0
       C15         c       349       246         0      1490      1706         0
       C16         c       337       344         0      1415      1631         0
       C17         c       402        72         0      1800      2016         0
       C18         c       482       104         0      1773      1989         0
       C19         c       428       222         0      1756      1972         0
       C20         c       485       393         0      1823      2039         0
       C21         c        66        32         0        60       276         0
       C22         c        45       193         0        90       306         0
       C23         c        69       275         0       149       365         0
       C24         c        68       322         0       176       392         0
       C25         c       107         1         0       580       796         0
       C26         c       109       135         0       558       774         0
       C27         c       157       229         0       577       793         0
       C28         c       103       394         0       514       730         0
       C29         c       283         3         0       897      1113         0
       C30         c       258       160         0      1012      1228         0
       C31         c       290       294         0       902      1118         0
       C32         c       276       355         0       983      1199         0
       C33         c       374        32         0      1406      1622         0
       C34         c       335       119         0      1457      1673         0
       C35         c       345       236         0      1420      1636         0
       C36         c       316       350         0      1389      1605         0
       C37         c       477        34         0      1845      2061         0
       C38         c       436       180         0      1811      2027         0
       C39         c       411       280         0      1730      1946         0
       C40         c       498       342         0      1933      2149         0
       C41         c        90        88         0       189       405         0
       C42         c        33       151         0        80       296         0
       C43         c         5       298         0        76       292         0
       C44         c        29       355         0         1       217         0
       C45         c       156        28         0       529       745         0
       C46         c       132       190         0       578       794         0
       C47         c       100       218         0       498       714         0
       C48         c       106       341         0       507       723         0
       C49         c       215        77         0       885      1101         0
       C50         c       201       188         0       987      1203         0
       C51         c       273       272         0       982      1198         0
       C52         c       226       335         0       892      1108         0
       C53         c       316        91         0      1426      1642         0
       C54         c       301       170         0      1485      1701         0
       C55         c       375       248         0      1298      1514         0
       C56         c       356       369         0      1333      1549         0
       C57         c       483        86         0      1920      2136         0
       C58         c       453       154         0      1731      1947         0
       C59         c       412       270         0      1840      2056         0
       C60         c       445       356         0      1740      1956         0
       C61         c        53        95         0       128       344         0
       C62         c        28       177         0        22       238         0
       C63         c        59       253         0        32       248         0
       C64         c        82       340         0        33       249         0
       C65         c       128        79         0       586       802         0
       C66         c       197       112         0       447       663         0
       C67         c       173       290         0       601       817         0
       C68         c       169       353         0       643       859         0
       C69         c       205        13         0      1065      1281         0
       C70         c       290       116         0       880      1096         0
       C71         c       218       293         0      1046      1262         0
       C72         c       217       321         0      1057      1273         0
       C73         c       395        11         0      1418      1634         0
       C74         c       369       186         0      1360      1576         0
       C75         c       356       279         0      1479      1695         0
       C76         c       325       328         0      1486      1702         0
       C77         c       406        82         0      1773      1989         0
       C78         c       400       152         0      1799      2015         0
       C79         c       499       224         0      1729      1945         0
       C80         c       451       301         0      1917      2133         0
       C81         c        39        62         0       198       414         0
       C82         c        59       189         0        16       232         0
       C83         c         2       210         0       138       354         0
       C84         c        39       370         0        46       262         0
       C85         c       191        76         0       509       725         0
       C86         c       109       124         0       611       827         0
       C87         c       120       288         0       506       722         0
       C88         c       179       360         0       637       853         0
       C89         c       296        66         0      1033      1249         0
       C90         c       232       167         0      1037      1253         0
       C91         c       220       233         0       888      1104         0
       C92         c       214       307         0      1017      1233         0
       C93         c       387        99         0      1321      1537         0
       C94         c       394       138         0      1404      1620         0
       C95         c       393       250         0      1439      1655         0
       C96         c       331       317         0      1391      1607         0
       C97         c       471        45         0      1935      2151         0
       C98         c       499       119         0      1766      1982         0
       C99         c       414       244         0      1937      2153         0
      C100         c       454       331         0      1811      2027         0

Vehicle fuel tank capacity /200.0/
Vehicle load capacity /390/
Fuel consumption rate /1.0/
Inverse refueling rate /0.2/
Average Velocity /1.0/

Vehicle start locations
D1:    5
D2:    0
D3:    5
D4:    0
Vehicle end locations
D1:    0
D2:    1
D3:    0
D4:    1
